Linux 4.13.0-17-generic (instance-2) 	12/05/17 	_x86_64_	(1 CPU)

06:17:14        CPU     %user     %nice   %system   %iowait    %steal     %idle
06:17:15        all      0.00      0.00      0.00      0.00      0.00    100.00
06:17:16        all     20.20      0.00      1.01      1.01      0.00     77.78
06:17:17        all     65.00      0.00      2.00     33.00      0.00      0.00
06:17:18        all     88.12      0.00      3.96      7.92      0.00      0.00
06:17:19        all     97.00      0.00      3.00      0.00      0.00      0.00
06:17:20        all     97.00      0.00      3.00      0.00      0.00      0.00
06:17:21        all    100.00      0.00      0.00      0.00      0.00      0.00
06:17:22        all    100.00      0.00      0.00      0.00      0.00      0.00
06:17:23        all    100.00      0.00      0.00      0.00      0.00      0.00
06:17:24        all     99.00      0.00      1.00      0.00      0.00      0.00
06:17:25        all     99.00      0.00      1.00      0.00      0.00      0.00
06:17:26        all    100.00      0.00      0.00      0.00      0.00      0.00
06:17:27        all    100.00      0.00      0.00      0.00      0.00      0.00
06:17:28        all     99.00      0.00      1.00      0.00      0.00      0.00
06:17:29        all    100.00      0.00      0.00      0.00      0.00      0.00
06:17:30        all     99.00      0.00      1.00      0.00      0.00      0.00
06:17:31        all    100.00      0.00      0.00      0.00      0.00      0.00
06:17:32        all     99.00      0.00      1.00      0.00      0.00      0.00
06:17:33        all     99.00      0.00      1.00      0.00      0.00      0.00
06:17:34        all    100.00      0.00      0.00      0.00      0.00      0.00
06:17:35        all     99.00      0.00      1.00      0.00      0.00      0.00
06:17:36        all     99.01      0.00      0.99      0.00      0.00      0.00
06:17:37        all    100.00      0.00      0.00      0.00      0.00      0.00
06:17:38        all    100.00      0.00      0.00      0.00      0.00      0.00
06:17:39        all     99.00      0.00      1.00      0.00      0.00      0.00
06:17:40        all     99.01      0.00      0.99      0.00      0.00      0.00
06:17:41        all    100.00      0.00      0.00      0.00      0.00      0.00
06:17:42        all    100.00      0.00      0.00      0.00      0.00      0.00
06:17:43        all     99.01      0.00      0.99      0.00      0.00      0.00
06:17:44        all    100.00      0.00      0.00      0.00      0.00      0.00
06:17:45        all     93.94      0.00      1.01      5.05      0.00      0.00
06:17:46        all     99.00      0.00      1.00      0.00      0.00      0.00
06:17:47        all    100.00      0.00      0.00      0.00      0.00      0.00
06:17:48        all     99.01      0.00      0.99      0.00      0.00      0.00
06:17:49        all     99.00      0.00      1.00      0.00      0.00      0.00
06:17:50        all    100.00      0.00      0.00      0.00      0.00      0.00
06:17:51        all    100.00      0.00      0.00      0.00      0.00      0.00
06:17:52        all    100.00      0.00      0.00      0.00      0.00      0.00
06:17:53        all     99.00      0.00      1.00      0.00      0.00      0.00
06:17:54        all     99.00      0.00      1.00      0.00      0.00      0.00
06:17:55        all    100.00      0.00      0.00      0.00      0.00      0.00
06:17:56        all    100.00      0.00      0.00      0.00      0.00      0.00
06:17:57        all     99.01      0.00      0.99      0.00      0.00      0.00
06:17:58        all     99.00      0.00      1.00      0.00      0.00      0.00
06:17:59        all     98.00      0.00      2.00      0.00      0.00      0.00
06:18:00        all     98.00      0.00      2.00      0.00      0.00      0.00
06:18:01        all     97.00      0.00      3.00      0.00      0.00      0.00
06:18:02        all     98.00      0.00      2.00      0.00      0.00      0.00
06:18:03        all    100.00      0.00      0.00      0.00      0.00      0.00
06:18:04        all    100.00      0.00      0.00      0.00      0.00      0.00
06:18:05        all     99.00      0.00      1.00      0.00      0.00      0.00
06:18:06        all    100.00      0.00      0.00      0.00      0.00      0.00
06:18:07        all     97.03      0.00      2.97      0.00      0.00      0.00
06:18:08        all    100.00      0.00      0.00      0.00      0.00      0.00
06:18:09        all    100.00      0.00      0.00      0.00      0.00      0.00
06:18:10        all    100.00      0.00      0.00      0.00      0.00      0.00
06:18:11        all    100.00      0.00      0.00      0.00      0.00      0.00
06:18:12        all    100.00      0.00      0.00      0.00      0.00      0.00
06:18:13        all    100.00      0.00      0.00      0.00      0.00      0.00
06:18:14        all     99.01      0.00      0.99      0.00      0.00      0.00
06:18:15        all    100.00      0.00      0.00      0.00      0.00      0.00
06:18:16        all    100.00      0.00      0.00      0.00      0.00      0.00
06:18:17        all    100.00      0.00      0.00      0.00      0.00      0.00
06:18:18        all    100.00      0.00      0.00      0.00      0.00      0.00
06:18:19        all    100.00      0.00      0.00      0.00      0.00      0.00
06:18:20        all    100.00      0.00      0.00      0.00      0.00      0.00
06:18:21        all    100.00      0.00      0.00      0.00      0.00      0.00
06:18:22        all     98.00      0.00      2.00      0.00      0.00      0.00
06:18:23        all    100.00      0.00      0.00      0.00      0.00      0.00
06:18:24        all    100.00      0.00      0.00      0.00      0.00      0.00
06:18:25        all    100.00      0.00      0.00      0.00      0.00      0.00
06:18:26        all    100.00      0.00      0.00      0.00      0.00      0.00
06:18:27        all    100.00      0.00      0.00      0.00      0.00      0.00
06:18:28        all    100.00      0.00      0.00      0.00      0.00      0.00
06:18:29        all    100.00      0.00      0.00      0.00      0.00      0.00
06:18:30        all     99.01      0.00      0.99      0.00      0.00      0.00
06:18:31        all    100.00      0.00      0.00      0.00      0.00      0.00
06:18:32        all    100.00      0.00      0.00      0.00      0.00      0.00
06:18:33        all    100.00      0.00      0.00      0.00      0.00      0.00
06:18:34        all     98.99      0.00      1.01      0.00      0.00      0.00
06:18:35        all     96.04      0.00      3.96      0.00      0.00      0.00
06:18:36        all    100.00      0.00      0.00      0.00      0.00      0.00
06:18:37        all    100.00      0.00      0.00      0.00      0.00      0.00
06:18:38        all     99.01      0.00      0.99      0.00      0.00      0.00
06:18:39        all    100.00      0.00      0.00      0.00      0.00      0.00
06:18:40        all    100.00      0.00      0.00      0.00      0.00      0.00
06:18:41        all     99.01      0.00      0.99      0.00      0.00      0.00
06:18:42        all    100.00      0.00      0.00      0.00      0.00      0.00
06:18:43        all    100.00      0.00      0.00      0.00      0.00      0.00
06:18:44        all    100.00      0.00      0.00      0.00      0.00      0.00
06:18:45        all    100.00      0.00      0.00      0.00      0.00      0.00
06:18:46        all    100.00      0.00      0.00      0.00      0.00      0.00
06:18:47        all    100.00      0.00      0.00      0.00      0.00      0.00
06:18:48        all     98.02      0.00      1.98      0.00      0.00      0.00
06:18:49        all    100.00      0.00      0.00      0.00      0.00      0.00
06:18:50        all     97.00      0.00      3.00      0.00      0.00      0.00
06:18:51        all    100.00      0.00      0.00      0.00      0.00      0.00
06:18:52        all    100.00      0.00      0.00      0.00      0.00      0.00
06:18:53        all    100.00      0.00      0.00      0.00      0.00      0.00
06:18:54        all    100.00      0.00      0.00      0.00      0.00      0.00
06:18:55        all    100.00      0.00      0.00      0.00      0.00      0.00
06:18:56        all    100.00      0.00      0.00      0.00      0.00      0.00
06:18:57        all    100.00      0.00      0.00      0.00      0.00      0.00
06:18:58        all    100.00      0.00      0.00      0.00      0.00      0.00
06:18:59        all    100.00      0.00      0.00      0.00      0.00      0.00
06:19:00        all    100.00      0.00      0.00      0.00      0.00      0.00
06:19:01        all    100.00      0.00      0.00      0.00      0.00      0.00
06:19:02        all     98.00      0.00      2.00      0.00      0.00      0.00
06:19:03        all     99.00      0.00      1.00      0.00      0.00      0.00
06:19:04        all     97.00      0.00      3.00      0.00      0.00      0.00
06:19:05        all    100.00      0.00      0.00      0.00      0.00      0.00
06:19:06        all     99.00      0.00      1.00      0.00      0.00      0.00
06:19:07        all     98.00      0.00      2.00      0.00      0.00      0.00
06:19:08        all    100.00      0.00      0.00      0.00      0.00      0.00
06:19:09        all    100.00      0.00      0.00      0.00      0.00      0.00
06:19:10        all     99.00      0.00      1.00      0.00      0.00      0.00
06:19:11        all    100.00      0.00      0.00      0.00      0.00      0.00
06:19:12        all    100.00      0.00      0.00      0.00      0.00      0.00
06:19:13        all    100.00      0.00      0.00      0.00      0.00      0.00
06:19:14        all    100.00      0.00      0.00      0.00      0.00      0.00
06:19:15        all    100.00      0.00      0.00      0.00      0.00      0.00
06:19:16        all    100.00      0.00      0.00      0.00      0.00      0.00
06:19:17        all    100.00      0.00      0.00      0.00      0.00      0.00
06:19:18        all    100.00      0.00      0.00      0.00      0.00      0.00
06:19:19        all     99.01      0.00      0.99      0.00      0.00      0.00
06:19:20        all    100.00      0.00      0.00      0.00      0.00      0.00
06:19:21        all     99.00      0.00      1.00      0.00      0.00      0.00
06:19:22        all    100.00      0.00      0.00      0.00      0.00      0.00
06:19:23        all    100.00      0.00      0.00      0.00      0.00      0.00
06:19:24        all    100.00      0.00      0.00      0.00      0.00      0.00
06:19:25        all    100.00      0.00      0.00      0.00      0.00      0.00
06:19:26        all    100.00      0.00      0.00      0.00      0.00      0.00
06:19:27        all    100.00      0.00      0.00      0.00      0.00      0.00
06:19:28        all    100.00      0.00      0.00      0.00      0.00      0.00
06:19:29        all    100.00      0.00      0.00      0.00      0.00      0.00
06:19:30        all    100.00      0.00      0.00      0.00      0.00      0.00
06:19:31        all    100.00      0.00      0.00      0.00      0.00      0.00
06:19:32        all    100.00      0.00      0.00      0.00      0.00      0.00
06:19:33        all    100.00      0.00      0.00      0.00      0.00      0.00
06:19:34        all    100.00      0.00      0.00      0.00      0.00      0.00
06:19:35        all    100.00      0.00      0.00      0.00      0.00      0.00
06:19:36        all     99.00      0.00      1.00      0.00      0.00      0.00
06:19:37        all     28.00      0.00      1.00      0.00      0.00     71.00
06:19:38        all      0.00      0.00      1.00      2.00      0.00     97.00
06:19:39        all      0.00      0.00      0.00      0.00      0.00    100.00
06:19:40        all      0.00      0.00      0.00      0.00      0.00    100.00
06:19:41        all      0.00      0.00      0.00      0.00      0.00    100.00
06:19:42        all      0.00      0.00      0.00      0.00      0.00    100.00
06:19:43        all      0.00      0.00      0.00      0.00      0.00    100.00
06:19:44        all      0.00      0.00      0.00      0.00      0.00    100.00
06:19:45        all      0.00      0.00      0.00      0.00      0.00    100.00
06:19:46        all      0.00      0.00      0.00      0.00      0.00    100.00
06:19:47        all      0.00      0.00      0.00      0.00      0.00    100.00
