Linux 4.13.0-17-generic (instance-2) 	12/05/17 	_x86_64_	(1 CPU)

07:00:18        CPU     %user     %nice   %system   %iowait    %steal     %idle
07:00:19        all      0.00      0.00      0.00      0.00      0.00    100.00
07:00:20        all      0.00      0.00      0.00      0.00      0.00    100.00
07:00:21        all     55.45      0.00      2.97     14.85      0.00     26.73
07:00:22        all     39.39      0.00      2.02     58.59      0.00      0.00
07:00:23        all     93.00      0.00      3.00      4.00      0.00      0.00
07:00:24        all     97.00      0.00      3.00      0.00      0.00      0.00
07:00:25        all     96.97      0.00      2.02      1.01      0.00      0.00
07:00:26        all    100.00      0.00      0.00      0.00      0.00      0.00
07:00:27        all     99.01      0.00      0.99      0.00      0.00      0.00
07:00:28        all    100.00      0.00      0.00      0.00      0.00      0.00
07:00:29        all    100.00      0.00      0.00      0.00      0.00      0.00
07:00:30        all    100.00      0.00      0.00      0.00      0.00      0.00
07:00:31        all     99.00      0.00      1.00      0.00      0.00      0.00
07:00:32        all     99.00      0.00      1.00      0.00      0.00      0.00
07:00:33        all    100.00      0.00      0.00      0.00      0.00      0.00
07:00:34        all    100.00      0.00      0.00      0.00      0.00      0.00
07:00:35        all     99.00      0.00      1.00      0.00      0.00      0.00
07:00:36        all    100.00      0.00      0.00      0.00      0.00      0.00
07:00:37        all     99.00      0.00      1.00      0.00      0.00      0.00
07:00:38        all    100.00      0.00      0.00      0.00      0.00      0.00
07:00:39        all     97.00      0.00      1.00      2.00      0.00      0.00
07:00:40        all     99.01      0.00      0.99      0.00      0.00      0.00
07:00:41        all    100.00      0.00      0.00      0.00      0.00      0.00
07:00:42        all     94.06      0.00      2.97      2.97      0.00      0.00
07:00:43        all     99.00      0.00      1.00      0.00      0.00      0.00
07:00:44        all     99.00      0.00      1.00      0.00      0.00      0.00
07:00:45        all    100.00      0.00      0.00      0.00      0.00      0.00
07:00:46        all     98.02      0.00      1.98      0.00      0.00      0.00
07:00:47        all    100.00      0.00      0.00      0.00      0.00      0.00
07:00:48        all     97.03      0.00      2.97      0.00      0.00      0.00
07:00:49        all     99.00      0.00      1.00      0.00      0.00      0.00
07:00:50        all     98.99      0.00      1.01      0.00      0.00      0.00
07:00:51        all     98.02      0.00      1.98      0.00      0.00      0.00
07:00:52        all    100.00      0.00      0.00      0.00      0.00      0.00
07:00:53        all    100.00      0.00      0.00      0.00      0.00      0.00
07:00:54        all    100.00      0.00      0.00      0.00      0.00      0.00
07:00:55        all    100.00      0.00      0.00      0.00      0.00      0.00
07:00:56        all    100.00      0.00      0.00      0.00      0.00      0.00
07:00:57        all    100.00      0.00      0.00      0.00      0.00      0.00
07:00:58        all     99.00      0.00      1.00      0.00      0.00      0.00
07:00:59        all     99.01      0.00      0.99      0.00      0.00      0.00
07:01:00        all    100.00      0.00      0.00      0.00      0.00      0.00
07:01:01        all    100.00      0.00      0.00      0.00      0.00      0.00
07:01:02        all    100.00      0.00      0.00      0.00      0.00      0.00
07:01:03        all    100.00      0.00      0.00      0.00      0.00      0.00
07:01:04        all    100.00      0.00      0.00      0.00      0.00      0.00
07:01:05        all     98.02      0.00      1.98      0.00      0.00      0.00
07:01:06        all    100.00      0.00      0.00      0.00      0.00      0.00
07:01:07        all    100.00      0.00      0.00      0.00      0.00      0.00
07:01:08        all    100.00      0.00      0.00      0.00      0.00      0.00
07:01:09        all     98.00      0.00      2.00      0.00      0.00      0.00
07:01:10        all     97.98      0.00      2.02      0.00      0.00      0.00
07:01:11        all     96.04      0.00      3.96      0.00      0.00      0.00
07:01:12        all     98.99      0.00      1.01      0.00      0.00      0.00
07:01:13        all     99.01      0.00      0.99      0.00      0.00      0.00
07:01:14        all    100.00      0.00      0.00      0.00      0.00      0.00
07:01:15        all    100.00      0.00      0.00      0.00      0.00      0.00
07:01:16        all    100.00      0.00      0.00      0.00      0.00      0.00
07:01:17        all    100.00      0.00      0.00      0.00      0.00      0.00
07:01:18        all    100.00      0.00      0.00      0.00      0.00      0.00
07:01:19        all    100.00      0.00      0.00      0.00      0.00      0.00
07:01:20        all    100.00      0.00      0.00      0.00      0.00      0.00
07:01:21        all    100.00      0.00      0.00      0.00      0.00      0.00
07:01:22        all     98.00      0.00      2.00      0.00      0.00      0.00
07:01:23        all    100.00      0.00      0.00      0.00      0.00      0.00
07:01:24        all    100.00      0.00      0.00      0.00      0.00      0.00
07:01:25        all    100.00      0.00      0.00      0.00      0.00      0.00
07:01:26        all    100.00      0.00      0.00      0.00      0.00      0.00
07:01:27        all     95.05      0.00      4.95      0.00      0.00      0.00
07:01:28        all    100.00      0.00      0.00      0.00      0.00      0.00
07:01:29        all    100.00      0.00      0.00      0.00      0.00      0.00
07:01:30        all    100.00      0.00      0.00      0.00      0.00      0.00
07:01:31        all    100.00      0.00      0.00      0.00      0.00      0.00
07:01:32        all    100.00      0.00      0.00      0.00      0.00      0.00
07:01:33        all    100.00      0.00      0.00      0.00      0.00      0.00
07:01:34        all    100.00      0.00      0.00      0.00      0.00      0.00
07:01:35        all     99.00      0.00      1.00      0.00      0.00      0.00
07:01:36        all    100.00      0.00      0.00      0.00      0.00      0.00
07:01:37        all    100.00      0.00      0.00      0.00      0.00      0.00
07:01:38        all    100.00      0.00      0.00      0.00      0.00      0.00
07:01:39        all     99.01      0.00      0.99      0.00      0.00      0.00
07:01:40        all    100.00      0.00      0.00      0.00      0.00      0.00
07:01:41        all    100.00      0.00      0.00      0.00      0.00      0.00
07:01:42        all    100.00      0.00      0.00      0.00      0.00      0.00
07:01:43        all    100.00      0.00      0.00      0.00      0.00      0.00
07:01:44        all    100.00      0.00      0.00      0.00      0.00      0.00
07:01:45        all    100.00      0.00      0.00      0.00      0.00      0.00
07:01:46        all    100.00      0.00      0.00      0.00      0.00      0.00
07:01:47        all    100.00      0.00      0.00      0.00      0.00      0.00
07:01:48        all    100.00      0.00      0.00      0.00      0.00      0.00
07:01:49        all    100.00      0.00      0.00      0.00      0.00      0.00
07:01:50        all    100.00      0.00      0.00      0.00      0.00      0.00
07:01:51        all     23.00      0.00      2.00      0.00      0.00     75.00
07:01:52        all      0.00      0.00      0.00      0.00      0.00    100.00
07:01:53        all      0.00      0.00      0.00      0.00      0.00    100.00
07:01:54        all      0.00      0.00      0.00      0.00      0.00    100.00
07:01:55        all      0.00      0.00      0.00      0.00      0.00    100.00
07:01:56        all      0.00      0.00      0.00      0.00      0.00    100.00
07:01:57        all      0.00      0.00      0.00      0.00      0.00    100.00
07:01:58        all      0.00      0.00      0.00      0.00      0.00    100.00
07:01:59        all      0.00      0.00      0.00      3.03      0.00     96.97
07:02:00        all      0.00      0.00      0.00      0.00      0.00    100.00
07:02:01        all      0.00      0.00      0.00      0.00      0.00    100.00
07:02:02        all      0.00      0.00      0.00      0.00      0.00    100.00
07:02:03        all      0.99      0.00      0.00      0.00      0.00     99.01
07:02:04        all      0.00      0.00      0.00      0.99      0.00     99.01
07:02:05        all      0.00      0.00      0.00      0.00      0.00    100.00
07:02:06        all      0.00      0.00      0.00      0.00      0.00    100.00
