Linux 4.13.0-17-generic (instance-2) 	12/05/17 	_x86_64_	(1 CPU)

06:42:50        CPU     %user     %nice   %system   %iowait    %steal     %idle
06:42:51        all      0.00      0.00      0.00      0.00      0.00    100.00
06:42:52        all      5.05      0.00      0.00      0.00      0.00     94.95
06:42:53        all     59.41      0.00      2.97     37.62      0.00      0.00
06:42:54        all     63.00      0.00      1.00     36.00      0.00      0.00
06:42:55        all     36.73      0.00      1.02     62.24      0.00      0.00
06:42:56        all     81.19      0.00      2.97     15.84      0.00      0.00
06:42:57        all     96.97      0.00      2.02      1.01      0.00      0.00
06:42:58        all     95.05      0.00      4.95      0.00      0.00      0.00
06:42:59        all     99.00      0.00      1.00      0.00      0.00      0.00
06:43:00        all     97.00      0.00      3.00      0.00      0.00      0.00
06:43:01        all     98.99      0.00      1.01      0.00      0.00      0.00
06:43:02        all     98.02      0.00      1.98      0.00      0.00      0.00
06:43:03        all    100.00      0.00      0.00      0.00      0.00      0.00
06:43:04        all     98.02      0.00      1.98      0.00      0.00      0.00
06:43:05        all     98.00      0.00      2.00      0.00      0.00      0.00
06:43:06        all    100.00      0.00      0.00      0.00      0.00      0.00
06:43:07        all    100.00      0.00      0.00      0.00      0.00      0.00
06:43:08        all     98.00      0.00      2.00      0.00      0.00      0.00
06:43:09        all     98.02      0.00      1.98      0.00      0.00      0.00
06:43:10        all    100.00      0.00      0.00      0.00      0.00      0.00
06:43:11        all    100.00      0.00      0.00      0.00      0.00      0.00
06:43:12        all     99.01      0.00      0.99      0.00      0.00      0.00
06:43:13        all     99.01      0.00      0.99      0.00      0.00      0.00
06:43:14        all    100.00      0.00      0.00      0.00      0.00      0.00
06:43:15        all     94.00      0.00      2.00      4.00      0.00      0.00
06:43:16        all     98.00      0.00      2.00      0.00      0.00      0.00
06:43:17        all     99.01      0.00      0.99      0.00      0.00      0.00
06:43:18        all    100.00      0.00      0.00      0.00      0.00      0.00
06:43:19        all    100.00      0.00      0.00      0.00      0.00      0.00
06:43:20        all    100.00      0.00      0.00      0.00      0.00      0.00
06:43:21        all     99.00      0.00      1.00      0.00      0.00      0.00
06:43:22        all    100.00      0.00      0.00      0.00      0.00      0.00
06:43:23        all    100.00      0.00      0.00      0.00      0.00      0.00
06:43:24        all    100.00      0.00      0.00      0.00      0.00      0.00
06:43:25        all    100.00      0.00      0.00      0.00      0.00      0.00
06:43:26        all     99.01      0.00      0.99      0.00      0.00      0.00
06:43:27        all    100.00      0.00      0.00      0.00      0.00      0.00
06:43:28        all    100.00      0.00      0.00      0.00      0.00      0.00
06:43:29        all    100.00      0.00      0.00      0.00      0.00      0.00
06:43:30        all    100.00      0.00      0.00      0.00      0.00      0.00
06:43:31        all    100.00      0.00      0.00      0.00      0.00      0.00
06:43:32        all    100.00      0.00      0.00      0.00      0.00      0.00
06:43:33        all     99.00      0.00      1.00      0.00      0.00      0.00
06:43:34        all     98.00      0.00      2.00      0.00      0.00      0.00
06:43:35        all     99.00      0.00      1.00      0.00      0.00      0.00
06:43:36        all     98.02      0.00      1.98      0.00      0.00      0.00
06:43:37        all     98.99      0.00      1.01      0.00      0.00      0.00
06:43:38        all     98.02      0.00      1.98      0.00      0.00      0.00
06:43:39        all     97.98      0.00      2.02      0.00      0.00      0.00
06:43:40        all    100.00      0.00      0.00      0.00      0.00      0.00
06:43:41        all    100.00      0.00      0.00      0.00      0.00      0.00
06:43:42        all     99.01      0.00      0.99      0.00      0.00      0.00
06:43:43        all    100.00      0.00      0.00      0.00      0.00      0.00
06:43:44        all     98.00      0.00      2.00      0.00      0.00      0.00
06:43:45        all    100.00      0.00      0.00      0.00      0.00      0.00
06:43:46        all     99.00      0.00      1.00      0.00      0.00      0.00
06:43:47        all    100.00      0.00      0.00      0.00      0.00      0.00
06:43:48        all    100.00      0.00      0.00      0.00      0.00      0.00
06:43:49        all     99.00      0.00      1.00      0.00      0.00      0.00
06:43:50        all    100.00      0.00      0.00      0.00      0.00      0.00
06:43:51        all    100.00      0.00      0.00      0.00      0.00      0.00
06:43:52        all    100.00      0.00      0.00      0.00      0.00      0.00
06:43:53        all     99.00      0.00      1.00      0.00      0.00      0.00
06:43:54        all    100.00      0.00      0.00      0.00      0.00      0.00
06:43:55        all     99.00      0.00      1.00      0.00      0.00      0.00
06:43:56        all     98.99      0.00      1.01      0.00      0.00      0.00
06:43:57        all     64.00      0.00      0.00      0.00      0.00     36.00
06:43:58        all     61.00      0.00      1.00      0.00      0.00     38.00
06:43:59        all    100.00      0.00      0.00      0.00      0.00      0.00
06:44:00        all    100.00      0.00      0.00      0.00      0.00      0.00
06:44:01        all    100.00      0.00      0.00      0.00      0.00      0.00
06:44:02        all    100.00      0.00      0.00      0.00      0.00      0.00
06:44:03        all    100.00      0.00      0.00      0.00      0.00      0.00
06:44:04        all    100.00      0.00      0.00      0.00      0.00      0.00
06:44:05        all    100.00      0.00      0.00      0.00      0.00      0.00
06:44:06        all    100.00      0.00      0.00      0.00      0.00      0.00
06:44:07        all    100.00      0.00      0.00      0.00      0.00      0.00
06:44:08        all    100.00      0.00      0.00      0.00      0.00      0.00
06:44:09        all    100.00      0.00      0.00      0.00      0.00      0.00
06:44:10        all    100.00      0.00      0.00      0.00      0.00      0.00
06:44:11        all    100.00      0.00      0.00      0.00      0.00      0.00
06:44:12        all    100.00      0.00      0.00      0.00      0.00      0.00
06:44:13        all    100.00      0.00      0.00      0.00      0.00      0.00
06:44:14        all    100.00      0.00      0.00      0.00      0.00      0.00
06:44:15        all     99.00      0.00      1.00      0.00      0.00      0.00
06:44:16        all     99.00      0.00      1.00      0.00      0.00      0.00
06:44:17        all    100.00      0.00      0.00      0.00      0.00      0.00
06:44:18        all     98.00      0.00      2.00      0.00      0.00      0.00
06:44:19        all     97.00      0.00      3.00      0.00      0.00      0.00
06:44:20        all     98.00      0.00      2.00      0.00      0.00      0.00
06:44:21        all     98.00      0.00      2.00      0.00      0.00      0.00
06:44:22        all     99.00      0.00      1.00      0.00      0.00      0.00
06:44:23        all     99.00      0.00      1.00      0.00      0.00      0.00
06:44:24        all    100.00      0.00      0.00      0.00      0.00      0.00
06:44:25        all     99.00      0.00      1.00      0.00      0.00      0.00
06:44:26        all    100.00      0.00      0.00      0.00      0.00      0.00
06:44:27        all     99.00      0.00      1.00      0.00      0.00      0.00
06:44:28        all    100.00      0.00      0.00      0.00      0.00      0.00
06:44:29        all     99.00      0.00      1.00      0.00      0.00      0.00
06:44:30        all     36.00      0.00      1.00      0.00      0.00     63.00
06:44:31        all     21.78      0.00      0.99      2.97      0.00     74.26
06:44:32        all    100.00      0.00      0.00      0.00      0.00      0.00
06:44:33        all     99.00      0.00      1.00      0.00      0.00      0.00
06:44:34        all    100.00      0.00      0.00      0.00      0.00      0.00
06:44:35        all     99.01      0.00      0.99      0.00      0.00      0.00
06:44:36        all    100.00      0.00      0.00      0.00      0.00      0.00
06:44:37        all    100.00      0.00      0.00      0.00      0.00      0.00
06:44:38        all    100.00      0.00      0.00      0.00      0.00      0.00
06:44:39        all    100.00      0.00      0.00      0.00      0.00      0.00
06:44:40        all    100.00      0.00      0.00      0.00      0.00      0.00
06:44:41        all     99.00      0.00      1.00      0.00      0.00      0.00
06:44:42        all    100.00      0.00      0.00      0.00      0.00      0.00
06:44:43        all    100.00      0.00      0.00      0.00      0.00      0.00
06:44:44        all    100.00      0.00      0.00      0.00      0.00      0.00
06:44:45        all    100.00      0.00      0.00      0.00      0.00      0.00
06:44:46        all    100.00      0.00      0.00      0.00      0.00      0.00
06:44:47        all    100.00      0.00      0.00      0.00      0.00      0.00
06:44:48        all    100.00      0.00      0.00      0.00      0.00      0.00
06:44:49        all    100.00      0.00      0.00      0.00      0.00      0.00
06:44:50        all     95.00      0.00      5.00      0.00      0.00      0.00
06:44:51        all     95.00      0.00      5.00      0.00      0.00      0.00
06:44:52        all     99.00      0.00      1.00      0.00      0.00      0.00
06:44:53        all     99.00      0.00      1.00      0.00      0.00      0.00
06:44:54        all    100.00      0.00      0.00      0.00      0.00      0.00
06:44:55        all     99.01      0.00      0.99      0.00      0.00      0.00
06:44:56        all    100.00      0.00      0.00      0.00      0.00      0.00
06:44:57        all    100.00      0.00      0.00      0.00      0.00      0.00
06:44:58        all     99.00      0.00      1.00      0.00      0.00      0.00
06:44:59        all    100.00      0.00      0.00      0.00      0.00      0.00
06:45:00        all      8.00      0.00      2.00      0.00      0.00     90.00
06:45:01        all     59.00      0.00      0.00      0.00      0.00     41.00
06:45:02        all    100.00      0.00      0.00      0.00      0.00      0.00
06:45:03        all    100.00      0.00      0.00      0.00      0.00      0.00
06:45:04        all    100.00      0.00      0.00      0.00      0.00      0.00
06:45:05        all    100.00      0.00      0.00      0.00      0.00      0.00
06:45:06        all    100.00      0.00      0.00      0.00      0.00      0.00
06:45:07        all    100.00      0.00      0.00      0.00      0.00      0.00
06:45:08        all    100.00      0.00      0.00      0.00      0.00      0.00
06:45:09        all    100.00      0.00      0.00      0.00      0.00      0.00
06:45:10        all    100.00      0.00      0.00      0.00      0.00      0.00
06:45:11        all    100.00      0.00      0.00      0.00      0.00      0.00
06:45:12        all    100.00      0.00      0.00      0.00      0.00      0.00
06:45:13        all    100.00      0.00      0.00      0.00      0.00      0.00
06:45:14        all     99.01      0.00      0.99      0.00      0.00      0.00
06:45:15        all    100.00      0.00      0.00      0.00      0.00      0.00
06:45:16        all    100.00      0.00      0.00      0.00      0.00      0.00
06:45:17        all    100.00      0.00      0.00      0.00      0.00      0.00
06:45:18        all    100.00      0.00      0.00      0.00      0.00      0.00
06:45:19        all    100.00      0.00      0.00      0.00      0.00      0.00
06:45:20        all     99.00      0.00      1.00      0.00      0.00      0.00
06:45:21        all    100.00      0.00      0.00      0.00      0.00      0.00
06:45:22        all     99.00      0.00      1.00      0.00      0.00      0.00
06:45:23        all    100.00      0.00      0.00      0.00      0.00      0.00
06:45:24        all     99.00      0.00      1.00      0.00      0.00      0.00
06:45:25        all    100.00      0.00      0.00      0.00      0.00      0.00
06:45:26        all    100.00      0.00      0.00      0.00      0.00      0.00
06:45:27        all    100.00      0.00      0.00      0.00      0.00      0.00
06:45:28        all     99.01      0.00      0.99      0.00      0.00      0.00
06:45:29        all    100.00      0.00      0.00      0.00      0.00      0.00
06:45:30        all    100.00      0.00      0.00      0.00      0.00      0.00
06:45:31        all     99.00      0.00      1.00      0.00      0.00      0.00
06:45:32        all    100.00      0.00      0.00      0.00      0.00      0.00
06:45:33        all     99.00      0.00      1.00      0.00      0.00      0.00
06:45:34        all    100.00      0.00      0.00      0.00      0.00      0.00
06:45:35        all    100.00      0.00      0.00      0.00      0.00      0.00
06:45:36        all     99.00      0.00      1.00      0.00      0.00      0.00
06:45:37        all    100.00      0.00      0.00      0.00      0.00      0.00
06:45:38        all    100.00      0.00      0.00      0.00      0.00      0.00
06:45:39        all     95.96      0.00      4.04      0.00      0.00      0.00
06:45:40        all     99.01      0.00      0.99      0.00      0.00      0.00
06:45:41        all    100.00      0.00      0.00      0.00      0.00      0.00
06:45:42        all     99.00      0.00      1.00      0.00      0.00      0.00
06:45:43        all     99.00      0.00      1.00      0.00      0.00      0.00
06:45:44        all    100.00      0.00      0.00      0.00      0.00      0.00
06:45:45        all     99.00      0.00      1.00      0.00      0.00      0.00
06:45:46        all    100.00      0.00      0.00      0.00      0.00      0.00
06:45:47        all     99.01      0.00      0.99      0.00      0.00      0.00
06:45:48        all     99.00      0.00      1.00      0.00      0.00      0.00
06:45:49        all    100.00      0.00      0.00      0.00      0.00      0.00
06:45:50        all    100.00      0.00      0.00      0.00      0.00      0.00
06:45:51        all     98.00      0.00      2.00      0.00      0.00      0.00
06:45:52        all    100.00      0.00      0.00      0.00      0.00      0.00
06:45:53        all     93.94      0.00      0.00      0.00      0.00      6.06
06:45:54        all     62.00      0.00      2.00      0.00      0.00     36.00
06:45:55        all      0.00      0.00      0.00      0.00      0.00    100.00
06:45:56        all      0.00      0.00      0.00      0.00      0.00    100.00
06:45:57        all      0.00      0.00      0.00      1.00      0.00     99.00
06:45:58        all      0.00      0.00      0.00      0.00      0.00    100.00
