Linux 4.13.0-17-generic (instance-2) 	12/05/17 	_x86_64_	(1 CPU)

07:02:34        CPU     %user     %nice   %system   %iowait    %steal     %idle
07:02:35        all      0.00      0.00      0.99      0.00      0.00     99.01
07:02:36        all      0.00      0.00      0.00      0.00      0.00    100.00
07:02:37        all     54.46      0.00      3.96     24.75      0.00     16.83
07:02:38        all     42.00      0.00      1.00     57.00      0.00      0.00
07:02:39        all     84.85      0.00      3.03     12.12      0.00      0.00
07:02:40        all     96.00      0.00      4.00      0.00      0.00      0.00
07:02:41        all     95.05      0.00      4.95      0.00      0.00      0.00
07:02:42        all     98.00      0.00      2.00      0.00      0.00      0.00
07:02:43        all    100.00      0.00      0.00      0.00      0.00      0.00
07:02:44        all     98.02      0.00      1.98      0.00      0.00      0.00
07:02:45        all    100.00      0.00      0.00      0.00      0.00      0.00
07:02:46        all    100.00      0.00      0.00      0.00      0.00      0.00
07:02:47        all    100.00      0.00      0.00      0.00      0.00      0.00
07:02:48        all     98.99      0.00      1.01      0.00      0.00      0.00
07:02:49        all     97.03      0.00      2.97      0.00      0.00      0.00
07:02:50        all    100.00      0.00      0.00      0.00      0.00      0.00
07:02:51        all     98.00      0.00      2.00      0.00      0.00      0.00
07:02:52        all    100.00      0.00      0.00      0.00      0.00      0.00
07:02:53        all     99.01      0.00      0.99      0.00      0.00      0.00
07:02:54        all    100.00      0.00      0.00      0.00      0.00      0.00
07:02:55        all    100.00      0.00      0.00      0.00      0.00      0.00
07:02:56        all    100.00      0.00      0.00      0.00      0.00      0.00
07:02:57        all     99.00      0.00      1.00      0.00      0.00      0.00
07:02:58        all     99.01      0.00      0.99      0.00      0.00      0.00
07:02:59        all    100.00      0.00      0.00      0.00      0.00      0.00
07:03:00        all    100.00      0.00      0.00      0.00      0.00      0.00
07:03:01        all     97.00      0.00      3.00      0.00      0.00      0.00
07:03:02        all     98.00      0.00      2.00      0.00      0.00      0.00
07:03:03        all    100.00      0.00      0.00      0.00      0.00      0.00
07:03:04        all    100.00      0.00      0.00      0.00      0.00      0.00
07:03:05        all     99.00      0.00      1.00      0.00      0.00      0.00
07:03:06        all     99.00      0.00      1.00      0.00      0.00      0.00
07:03:07        all    100.00      0.00      0.00      0.00      0.00      0.00
07:03:08        all    100.00      0.00      0.00      0.00      0.00      0.00
07:03:09        all     98.00      0.00      2.00      0.00      0.00      0.00
07:03:10        all     22.00      0.00      0.00      0.00      0.00     78.00
07:03:11        all      0.00      0.00      0.00      0.00      0.00    100.00
07:03:12        all     99.01      0.00      0.00      0.00      0.00      0.99
07:03:13        all    100.00      0.00      0.00      0.00      0.00      0.00
07:03:14        all     99.01      0.00      0.99      0.00      0.00      0.00
07:03:15        all     99.00      0.00      1.00      0.00      0.00      0.00
07:03:16        all    100.00      0.00      0.00      0.00      0.00      0.00
07:03:17        all     99.00      0.00      1.00      0.00      0.00      0.00
07:03:18        all     99.00      0.00      1.00      0.00      0.00      0.00
07:03:19        all    100.00      0.00      0.00      0.00      0.00      0.00
07:03:20        all     98.00      0.00      2.00      0.00      0.00      0.00
07:03:21        all     95.00      0.00      5.00      0.00      0.00      0.00
07:03:22        all     97.00      0.00      3.00      0.00      0.00      0.00
07:03:23        all    100.00      0.00      0.00      0.00      0.00      0.00
07:03:24        all     99.00      0.00      1.00      0.00      0.00      0.00
07:03:25        all     99.01      0.00      0.99      0.00      0.00      0.00
07:03:26        all    100.00      0.00      0.00      0.00      0.00      0.00
07:03:27        all     69.70      0.00      1.01      0.00      0.00     29.29
07:03:28        all      9.09      0.00      1.01      0.00      0.00     89.90
07:03:29        all    100.00      0.00      0.00      0.00      0.00      0.00
07:03:30        all    100.00      0.00      0.00      0.00      0.00      0.00
07:03:31        all    100.00      0.00      0.00      0.00      0.00      0.00
07:03:32        all    100.00      0.00      0.00      0.00      0.00      0.00
07:03:33        all    100.00      0.00      0.00      0.00      0.00      0.00
07:03:34        all    100.00      0.00      0.00      0.00      0.00      0.00
07:03:35        all    100.00      0.00      0.00      0.00      0.00      0.00
07:03:36        all    100.00      0.00      0.00      0.00      0.00      0.00
07:03:37        all     99.01      0.00      0.99      0.00      0.00      0.00
07:03:38        all    100.00      0.00      0.00      0.00      0.00      0.00
07:03:39        all     98.99      0.00      1.01      0.00      0.00      0.00
07:03:40        all    100.00      0.00      0.00      0.00      0.00      0.00
07:03:41        all    100.00      0.00      0.00      0.00      0.00      0.00
07:03:42        all     98.02      0.00      1.98      0.00      0.00      0.00
07:03:43        all    100.00      0.00      0.00      0.00      0.00      0.00
07:03:44        all    100.00      0.00      0.00      0.00      0.00      0.00
07:03:45        all    100.00      0.00      0.00      0.00      0.00      0.00
07:03:46        all     99.00      0.00      1.00      0.00      0.00      0.00
07:03:47        all    100.00      0.00      0.00      0.00      0.00      0.00
07:03:48        all    100.00      0.00      0.00      0.00      0.00      0.00
07:03:49        all    100.00      0.00      0.00      0.00      0.00      0.00
07:03:50        all    100.00      0.00      0.00      0.00      0.00      0.00
07:03:51        all     99.00      0.00      1.00      0.00      0.00      0.00
07:03:52        all    100.00      0.00      0.00      0.00      0.00      0.00
07:03:53        all    100.00      0.00      0.00      0.00      0.00      0.00
07:03:54        all     99.00      0.00      1.00      0.00      0.00      0.00
07:03:55        all    100.00      0.00      0.00      0.00      0.00      0.00
07:03:56        all     57.43      0.00      2.97      0.00      0.00     39.60
07:03:57        all      0.00      0.00      0.00      0.00      0.00    100.00
07:03:58        all      0.00      0.00      0.00      5.00      0.00     95.00
07:03:59        all      0.00      0.00      0.00      0.00      0.00    100.00
07:04:00        all      0.00      0.00      0.00      0.00      0.00    100.00
07:04:01        all      0.00      0.00      0.00      0.00      0.00    100.00
07:04:02        all      0.00      0.00      0.00      0.00      0.00    100.00
07:04:03        all      0.00      0.00      0.00      0.99      0.00     99.01
07:04:04        all      0.00      0.00      0.00      0.00      0.00    100.00
07:04:05        all      0.00      0.00      0.00      0.00      0.00    100.00
07:04:06        all      0.00      0.00      0.00      0.00      0.00    100.00
07:04:07        all      0.00      0.00      0.00      0.00      0.00    100.00
07:04:08        all      0.00      0.00      0.00      6.93      0.00     93.07
07:04:09        all      0.00      0.00      0.00      0.00      0.00    100.00
07:04:10        all      0.00      0.00      0.00      0.00      0.00    100.00
07:04:11        all      0.00      0.00      0.00      0.00      0.00    100.00
07:04:12        all      0.00      0.00      0.00      0.00      0.00    100.00
07:04:13        all      0.00      0.00      0.00      0.00      0.00    100.00
07:04:14        all      0.00      0.00      0.00      0.00      0.00    100.00
07:04:15        all      0.00      0.00      0.00      0.00      0.00    100.00
07:04:16        all      0.00      0.00      0.00      0.00      0.00    100.00
07:04:17        all      1.00      0.00      0.00      0.00      0.00     99.00
07:04:18        all      0.00      0.00      0.00      0.00      0.00    100.00
07:04:19        all      0.00      0.00      0.00      0.00      0.00    100.00
07:04:20        all      0.00      0.00      0.00      0.00      0.00    100.00
07:04:21        all      0.00      0.00      0.00      0.00      0.00    100.00
07:04:22        all      0.00      0.00      0.00      0.00      0.00    100.00
07:04:23        all      0.00      0.00      0.00      0.00      0.00    100.00
07:04:24        all      0.00      0.00      0.00      0.00      0.00    100.00
07:04:25        all      0.00      0.00      0.00      0.00      0.00    100.00
07:04:26        all      0.00      0.00      0.00      0.00      0.00    100.00
07:04:27        all      0.00      0.00      0.00      0.00      0.00    100.00
07:04:28        all      0.00      0.00      0.00      1.00      0.00     99.00
07:04:29        all      0.00      0.00      0.00      0.00      0.00    100.00
07:04:30        all      0.00      0.00      0.00      0.00      0.00    100.00
07:04:31        all      0.00      0.00      0.00      0.00      0.00    100.00
07:04:32        all      0.00      0.00      0.00      7.07      0.00     92.93
07:04:33        all      0.00      0.00      0.99      0.00      0.00     99.01
07:04:34        all      0.00      0.00      0.00      0.00      0.00    100.00
07:04:35        all      0.00      0.00      0.00      0.00      0.00    100.00
07:04:36        all      0.99      0.00      0.00      0.00      0.00     99.01
07:04:37        all      0.00      0.00      0.00      0.00      0.00    100.00
07:04:38        all      0.98      0.00      0.00      0.98      0.00     98.04
07:04:39        all      0.00      0.00      0.99      0.00      0.00     99.01
07:04:40        all      0.00      0.00      0.00      0.00      0.00    100.00
07:04:41        all      0.00      0.00      0.00      0.00      0.00    100.00
07:04:42        all      0.00      0.00      0.00      0.00      0.00    100.00
07:04:43        all      0.00      0.00      0.00      5.05      0.00     94.95
07:04:44        all      0.00      0.00      0.00      0.00      0.00    100.00
07:04:45        all      0.00      0.00      0.00      0.00      0.00    100.00
07:04:46        all      0.00      0.00      0.00      0.00      0.00    100.00
07:04:47        all      0.00      0.00      0.00      0.00      0.00    100.00
07:04:48        all      0.00      0.00      0.00      0.00      0.00    100.00
07:04:49        all      0.00      0.00      0.00      0.00      0.00    100.00
07:04:50        all      0.00      0.00      0.00      0.00      0.00    100.00
07:04:51        all      0.00      0.00      0.00      0.00      0.00    100.00
07:04:52        all      0.00      0.00      0.00      0.00      0.00    100.00
07:04:53        all      0.00      0.00      0.00      0.99      0.00     99.01
07:04:54        all      0.00      0.00      0.00      0.00      0.00    100.00
07:04:55        all      0.00      0.00      0.00      0.00      0.00    100.00
07:04:56        all      0.00      0.00      0.00      0.00      0.00    100.00
07:04:57        all      0.00      0.00      0.00      0.00      0.00    100.00
07:04:58        all      0.00      0.00      1.00      0.00      0.00     99.00
07:04:59        all      0.00      0.00      0.00      0.00      0.00    100.00
07:05:00        all      0.00      0.00      0.00      0.00      0.00    100.00
07:05:01        all      0.00      0.00      0.00      0.00      0.00    100.00
07:05:02        all      0.00      0.00      0.00      0.00      0.00    100.00
07:05:03        all      0.00      0.00      0.00      0.99      0.00     99.01
07:05:04        all      0.00      0.00      0.00      0.00      0.00    100.00
07:05:05        all      0.00      0.00      0.00      0.00      0.00    100.00
07:05:06        all      0.00      0.00      0.00      0.00      0.00    100.00
07:05:07        all      0.00      0.00      0.00      0.00      0.00    100.00
07:05:08        all      0.00      0.00      0.00      0.00      0.00    100.00
07:05:09        all      0.00      0.00      0.00      0.00      0.00    100.00
07:05:10        all      0.00      0.00      0.00      0.00      0.00    100.00
07:05:11        all      0.00      0.00      0.00      0.00      0.00    100.00
07:05:12        all      0.00      0.00      0.00      0.00      0.00    100.00
07:05:13        all      0.00      0.00      0.00      0.00      0.00    100.00
07:05:14        all      0.00      0.00      0.00      2.00      0.00     98.00
07:05:15        all      0.00      0.00      0.00      0.00      0.00    100.00
07:05:16        all      0.00      0.00      0.00      0.00      0.00    100.00
07:05:17        all      0.00      0.00      0.00      0.00      0.00    100.00
07:05:18        all      0.00      0.00      0.00      0.00      0.00    100.00
07:05:19        all      0.00      0.00      0.00      0.00      0.00    100.00
07:05:20        all      0.00      0.00      0.00      0.00      0.00    100.00
07:05:21        all      0.00      0.00      0.00      0.00      0.00    100.00
07:05:22        all      0.00      0.00      0.00      0.00      0.00    100.00
07:05:23        all      0.00      0.00      0.00      0.00      0.00    100.00
