Linux 4.13.0-19-generic (instance-2) 	12/20/17 	_x86_64_	(2 CPU)

23:40:03        CPU     %user     %nice   %system   %iowait    %steal     %idle
23:40:04        all      0.00      0.00      0.00      0.00      0.00    100.00
23:40:05        all     11.56      0.00      0.50      1.51      0.00     86.43
23:40:06        all     43.00      0.00      3.00     16.00      0.00     38.00
23:40:07        all     23.65      0.00      2.96     15.76      0.00     57.64
23:40:08        all      9.45      0.00      1.99     40.80      0.00     47.76
23:40:09        all      7.00      0.00      1.00     44.50      0.00     47.50
23:40:10        all     44.72      0.00      2.01     23.62      0.00     29.65
23:40:11        all     91.04      0.00      5.47      2.49      0.00      1.00
23:40:12        all     95.02      0.00      1.99      1.49      0.00      1.49
23:40:13        all     96.50      0.00      2.00      0.00      0.00      1.50
23:40:14        all     95.50      0.00      1.00      0.00      0.00      3.50
23:40:15        all     96.98      0.00      0.50      0.00      0.00      2.51
23:40:16        all     94.00      0.00      1.50      0.00      0.00      4.50
23:40:17        all     89.45      0.00      3.02      0.00      0.00      7.54
23:40:18        all     63.00      0.00      0.50      0.00      0.00     36.50
23:40:19        all     87.50      0.00      2.00      0.00      0.00     10.50
23:40:20        all     77.61      0.00      0.00      0.00      0.00     22.39
23:40:21        all     88.94      0.00      2.01      0.00      0.00      9.05
23:40:22        all     58.29      0.00      0.00      0.00      0.00     41.71
23:40:23        all     59.70      0.00      0.50      0.00      0.00     39.80
23:40:24        all     50.50      0.00      0.00      0.00      0.00     49.50
23:40:25        all     52.76      0.00      0.00      0.00      0.00     47.24
23:40:26        all     51.50      0.00      0.50      0.00      0.00     48.00
23:40:27        all     53.00      0.00      0.00      0.00      0.00     47.00
23:40:28        all     52.26      0.00      0.00      1.01      0.00     46.73
23:40:29        all     56.22      0.00      0.00      0.00      0.00     43.78
23:40:30        all     51.26      0.00      0.00      0.50      0.00     48.24
23:40:31        all     50.50      0.00      0.50      0.00      0.00     49.00
23:40:32        all     56.44      0.00      0.00      0.00      0.00     43.56
23:40:33        all     68.34      0.00      0.00      0.00      0.00     31.66
23:40:34        all     63.00      0.00      0.00      0.00      0.00     37.00
23:40:35        all     53.50      0.00      0.00      0.00      0.00     46.50
23:40:36        all     52.00      0.00      0.00      0.00      0.00     48.00
23:40:37        all     60.50      0.00      0.00      0.00      0.00     39.50
23:40:38        all     76.12      0.00      0.50      0.00      0.00     23.38
23:40:39        all     51.76      0.00      0.00      0.00      0.00     48.24
23:40:40        all     53.00      0.00      0.00      0.50      0.00     46.50
23:40:41        all     68.34      0.00      0.00      0.00      0.00     31.66
23:40:42        all     69.15      0.00      1.49      1.49      0.00     27.86
23:40:43        all     97.47      0.00      0.51      0.00      0.00      2.02
23:40:44        all     82.59      0.00      0.00      0.00      0.00     17.41
23:40:45        all     51.26      0.00      0.00      0.00      0.00     48.74
23:40:46        all     91.00      0.00      0.50      0.00      0.00      8.50
23:40:47        all     84.00      0.00      0.50      0.00      0.00     15.50
23:40:48        all     72.00      0.00      0.00      0.00      0.00     28.00
23:40:49        all     86.00      0.00      0.00      0.00      0.00     14.00
23:40:50        all     88.50      0.00      0.00      0.00      0.00     11.50
23:40:51        all     74.00      0.00      0.00      0.00      0.00     26.00
23:40:52        all     84.92      0.00      0.00      0.00      0.00     15.08
23:40:53        all     96.50      0.00      0.50      0.00      0.00      3.00
23:40:54        all     64.50      0.00      0.00      0.00      0.00     35.50
23:40:55        all     87.06      0.00      0.50      0.00      0.00     12.44
23:40:56        all     95.50      0.00      0.00      0.00      0.00      4.50
23:40:57        all     97.00      0.00      0.50      0.00      0.00      2.50
23:40:58        all     95.98      0.00      0.00      0.00      0.00      4.02
23:40:59        all     95.50      0.00      0.50      0.00      0.00      4.00
23:41:00        all     94.53      0.00      0.50      0.00      0.00      4.98
23:41:01        all     96.48      0.00      0.50      0.00      0.00      3.02
23:41:02        all     98.02      0.00      0.99      0.50      0.00      0.50
23:41:03        all     93.47      0.00      0.50      0.00      0.00      6.03
23:41:04        all     95.52      0.00      0.50      0.00      0.00      3.98
23:41:05        all     99.50      0.00      0.50      0.00      0.00      0.00
23:41:06        all     72.36      0.00      0.00      0.00      0.00     27.64
23:41:07        all     99.50      0.00      0.50      0.00      0.00      0.00
23:41:08        all    100.00      0.00      0.00      0.00      0.00      0.00
23:41:09        all     94.97      0.00      3.52      0.00      0.00      1.51
23:41:10        all     93.50      0.00      0.50      0.00      0.00      6.00
23:41:11        all     94.97      0.00      2.01      0.00      0.00      3.02
23:41:12        all     36.18      0.00      2.51      0.00      0.00     61.31
23:41:13        all      0.00      0.00      0.00      0.00      0.00    100.00
23:41:14        all      0.00      0.00      0.00      0.00      0.00    100.00
23:41:15        all      0.00      0.00      0.00      0.00      0.00    100.00
23:41:16        all      0.00      0.00      0.00      0.00      0.00    100.00
23:41:17        all      0.00      0.00      0.00      0.00      0.00    100.00
23:41:18        all      0.00      0.00      0.00      0.00      0.00    100.00
23:41:19        all      0.00      0.00      0.00      0.00      0.00    100.00
23:41:20        all     13.00      0.00      0.50     17.00      0.00     69.50
23:41:21        all     48.26      0.00      1.99     13.43      0.00     36.32
23:41:22        all     13.50      0.00      1.50     11.50      0.00     73.50
23:41:23        all     92.96      0.00      5.03      0.00      0.00      2.01
23:41:24        all     94.00      0.00      3.50      0.50      0.00      2.00
23:41:25        all     92.46      0.00      3.02      3.02      0.00      1.51
23:41:26        all     96.98      0.00      2.51      0.00      0.00      0.50
23:41:27        all     95.00      0.00      3.00      0.00      0.00      2.00
23:41:28        all     97.99      0.00      1.01      0.00      0.00      1.01
23:41:29        all     97.01      0.00      2.49      0.00      0.00      0.50
23:41:30        all     96.97      0.00      3.03      0.00      0.00      0.00
23:41:31        all     96.50      0.00      0.00      0.00      0.00      3.50
23:41:32        all     56.72      0.00      1.00      0.00      0.00     42.29
23:41:33        all     86.63      0.00      1.98      0.50      0.00     10.89
23:41:34        all     76.88      0.00      0.00      0.00      0.00     23.12
23:41:35        all     54.50      0.00      1.50      0.00      0.00     44.00
23:41:36        all     52.00      0.00      0.50      0.00      0.00     47.50
23:41:37        all     64.32      0.00      1.51      0.00      0.00     34.17
23:41:38        all     51.98      0.00      0.50      0.00      0.00     47.52
23:41:39        all     52.26      0.00      0.00      0.00      0.00     47.74
23:41:40        all     55.50      0.00      0.50      2.00      0.00     42.00
23:41:41        all     53.27      0.00      0.00      0.00      0.00     46.73
23:41:42        all     52.76      0.00      0.00      0.00      0.00     47.24
23:41:43        all     52.97      0.00      0.50      0.00      0.00     46.53
23:41:44        all     73.37      0.00      1.01      0.00      0.00     25.63
23:41:45        all     53.27      0.00      0.00      0.00      0.00     46.73
23:41:46        all     52.50      0.00      0.50      0.00      0.00     47.00
23:41:47        all     62.00      0.00      0.00      0.00      0.00     38.00
23:41:48        all     85.57      0.00      0.50      0.00      0.00     13.93
23:41:49        all     52.00      0.00      0.00      0.00      0.00     48.00
23:41:50        all     52.50      0.00      0.00      0.00      0.00     47.50
23:41:51        all     53.50      0.00      0.00      0.00      0.00     46.50
23:41:52        all     52.26      0.00      0.00      0.00      0.00     47.74
23:41:53        all     51.98      0.00      0.50      0.00      0.00     47.52
23:41:54        all     60.10      0.00      0.51      0.00      0.00     39.39
23:41:55        all     69.00      0.00      0.00      0.00      0.00     31.00
23:41:56        all     67.49      0.00      0.49      0.00      0.00     32.02
23:41:57        all     70.00      0.00      0.50      0.00      0.00     29.50
23:41:58        all     96.48      0.00      1.51      0.00      0.00      2.01
23:41:59        all     99.50      0.00      0.50      0.00      0.00      0.00
23:42:00        all     96.50      0.00      0.00      0.00      0.00      3.50
23:42:01        all     74.50      0.00      0.50      0.00      0.00     25.00
23:42:02        all     86.00      0.00      0.00      0.00      0.00     14.00
23:42:03        all     76.24      0.00      0.50      0.00      0.00     23.27
23:42:04        all     75.50      0.00      0.00      0.00      0.00     24.50
23:42:05        all     83.00      0.00      0.00      0.00      0.00     17.00
23:42:06        all     86.93      0.00      0.50      0.00      0.00     12.56
23:42:07        all     72.64      0.00      0.00      0.00      0.00     27.36
23:42:08        all     82.50      0.00      0.00      0.00      0.00     17.50
23:42:09        all     70.00      0.00      0.50      0.00      0.00     29.50
23:42:10        all     77.00      0.00      0.00      0.00      0.00     23.00
23:42:11        all     90.45      0.00      0.00      0.00      0.00      9.55
23:42:12        all     91.04      0.00      0.00      0.00      0.00      8.96
23:42:13        all     72.50      0.00      0.00      0.00      0.00     27.50
23:42:14        all     98.99      0.00      0.00      0.00      0.00      1.01
23:42:15        all     96.02      0.00      0.50      0.00      0.00      3.48
23:42:16        all     97.50      0.00      0.00      0.00      0.00      2.50
23:42:17        all     99.50      0.00      0.50      0.00      0.00      0.00
23:42:18        all     98.49      0.00      0.00      0.00      0.00      1.51
23:42:19        all    100.00      0.00      0.00      0.00      0.00      0.00
23:42:20        all     86.07      0.00      0.50      0.00      0.00     13.43
23:42:21        all     74.50      0.00      0.00      0.00      0.00     25.50
23:42:22        all     91.50      0.00      0.00      0.00      0.00      8.50
23:42:23        all     99.50      0.00      0.00      0.50      0.00      0.00
23:42:24        all     90.50      0.00      0.00      0.00      0.00      9.50
23:42:25        all     86.93      0.00      0.00      0.00      0.00     13.07
23:42:26        all    100.00      0.00      0.00      0.00      0.00      0.00
23:42:27        all     97.00      0.00      2.00      0.00      0.00      1.00
23:42:28        all     96.02      0.00      2.49      0.00      0.00      1.49
23:42:29        all     98.49      0.00      1.01      0.00      0.00      0.50
23:42:30        all     99.00      0.00      1.00      0.00      0.00      0.00
23:42:31        all     99.50      0.00      0.50      0.00      0.00      0.00
23:42:32        all     99.00      0.00      0.50      0.00      0.00      0.50
23:42:33        all     99.00      0.00      1.00      0.00      0.00      0.00
23:42:34        all    100.00      0.00      0.00      0.00      0.00      0.00
23:42:35        all    100.00      0.00      0.00      0.00      0.00      0.00
23:42:36        all     98.50      0.00      1.00      0.00      0.00      0.50
23:42:37        all     93.27      0.00      3.85      0.00      0.00      2.88
23:42:38        all    100.00      0.00      0.00      0.00      0.00      0.00
23:42:39        all     90.05      0.00      1.00      0.00      0.00      8.96
23:42:40        all     96.98      0.00      0.00      0.00      0.00      3.02
23:42:41        all     23.88      0.00      2.99      2.99      0.00     70.15
23:42:42        all      0.00      0.00      0.00      0.00      0.00    100.00
23:42:43        all      0.00      0.00      0.00      0.50      0.00     99.50
23:42:44        all      0.00      0.00      0.00      0.00      0.00    100.00
23:42:45        all      0.00      0.00      0.00      0.00      0.00    100.00
23:42:46        all      0.00      0.00      0.00      0.00      0.00    100.00
23:42:47        all      0.00      0.00      0.00      0.00      0.00    100.00
23:42:48        all      0.00      0.00      0.00      0.00      0.00    100.00
23:42:49        all     10.10      0.00      1.01     22.22      0.00     66.67
23:42:50        all     49.25      0.00      2.99     17.91      0.00     29.85
23:42:51        all      5.03      0.00      1.01     43.22      0.00     50.75
23:42:52        all      2.02      0.00      0.00     46.46      0.00     51.52
23:42:53        all      0.50      0.00      0.50     49.25      0.00     49.75
23:42:54        all     66.83      0.00      3.02     12.56      0.00     17.59
23:42:55        all     88.94      0.00      3.02      6.53      0.00      1.51
23:42:56        all     91.88      0.00      3.05      2.03      0.00      3.05
23:42:57        all     98.00      0.00      1.00      0.00      0.00      1.00
23:42:58        all     95.98      0.00      1.51      1.01      0.00      1.51
23:42:59        all     97.00      0.00      1.50      0.00      0.00      1.50
23:43:00        all     96.50      0.00      1.00      0.00      0.00      2.50
23:43:01        all     98.99      0.00      0.50      0.00      0.00      0.50
23:43:02        all     90.05      0.00      2.49      0.00      0.00      7.46
23:43:03        all     81.00      0.00      1.00      0.00      0.00     18.00
23:43:04        all     80.00      0.00      1.50      0.00      0.00     18.50
23:43:05        all     86.50      0.00      1.00      0.00      0.00     12.50
23:43:06        all     57.79      0.00      1.01      0.00      0.00     41.21
23:43:07        all     62.81      0.00      1.51      0.00      0.00     35.68
23:43:08        all     72.50      0.00      1.00      0.00      0.00     26.50
23:43:09        all     51.50      0.00      0.50      0.00      0.00     48.00
23:43:10        all     51.50      0.00      1.00      0.00      0.00     47.50
23:43:11        all     53.50      0.00      0.00      0.00      0.00     46.50
23:43:12        all     52.76      0.00      1.01      0.00      0.00     46.23
23:43:13        all     52.74      0.00      0.50      0.50      0.00     46.27
23:43:14        all     52.00      0.00      0.50      0.00      0.00     47.50
23:43:15        all     51.98      0.00      0.99      0.00      0.00     47.03
23:43:16        all     52.26      0.00      0.00      0.00      0.00     47.74
23:43:17        all     79.50      0.00      0.50      0.00      0.00     20.00
23:43:18        all     65.50      0.00      0.50      0.00      0.00     34.00
23:43:19        all     52.00      0.00      0.00      0.00      0.00     48.00
23:43:20        all     55.56      0.00      0.51      0.00      0.00     43.94
23:43:21        all     64.36      0.00      1.49      0.00      0.00     34.16
23:43:22        all     62.31      0.00      0.50      0.00      0.00     37.19
23:43:23        all     98.50      0.00      0.50      0.00      0.00      1.00
23:43:24        all     99.50      0.00      0.50      0.00      0.00      0.00
23:43:25        all    100.00      0.00      0.00      0.00      0.00      0.00
23:43:26        all     74.37      0.00      0.00      0.00      0.00     25.63
23:43:27        all     76.50      0.00      0.50      0.00      0.00     23.00
23:43:28        all     81.09      0.00      0.50      0.00      0.00     18.41
23:43:29        all     84.00      0.00      0.00      0.00      0.00     16.00
23:43:30        all     72.50      0.00      0.00      7.00      0.00     20.50
23:43:31        all     82.09      0.00      0.50      0.00      0.00     17.41
23:43:32        all     68.34      0.00      0.00      0.00      0.00     31.66
23:43:33        all     87.94      0.00      0.00      0.00      0.00     12.06
23:43:34        all    100.00      0.00      0.00      0.00      0.00      0.00
23:43:35        all     86.57      0.00      0.50      0.00      0.00     12.94
23:43:36        all     63.00      0.00      0.50      0.00      0.00     36.50
23:43:37        all     74.50      0.00      0.50      0.00      0.00     25.00
23:43:38        all     78.50      0.00      0.00      0.00      0.00     21.50
23:43:39        all     87.88      0.00      0.00      0.00      0.00     12.12
23:43:40        all     99.50      0.00      0.00      0.00      0.00      0.50
23:43:41        all     95.00      0.00      0.00      0.00      0.00      5.00
23:43:42        all     98.49      0.00      0.00      0.00      0.00      1.51
23:43:43        all     98.51      0.00      0.50      0.00      0.00      1.00
23:43:44        all    100.00      0.00      0.00      0.00      0.00      0.00
23:43:45        all     92.96      0.00      1.01      0.00      0.00      6.03
23:43:46        all     93.50      0.00      4.00      0.00      0.00      2.50
23:43:47        all     98.49      0.00      1.51      0.00      0.00      0.00
23:43:48        all     99.00      0.00      0.50      0.00      0.00      0.50
23:43:49        all     90.91      0.00      1.01      0.00      0.00      8.08
23:43:50        all     87.56      0.00      2.49      0.00      0.00      9.95
23:43:51        all      0.00      0.00      0.00      0.00      0.00    100.00
23:43:52        all      0.00      0.00      0.50      0.00      0.00     99.50
23:43:53        all      0.00      0.00      0.00      0.00      0.00    100.00
23:43:54        all      0.00      0.00      0.50      0.00      0.00     99.50
23:43:55        all      0.00      0.00      0.00      0.00      0.00    100.00
23:43:56        all      0.00      0.00      0.00      0.00      0.00    100.00
23:43:57        all      0.00      0.00      0.00      0.00      0.00    100.00
23:43:58        all      2.00      0.00      0.50      0.00      0.00     97.50
23:43:59        all     54.00      0.00      2.50     15.50      0.00     28.00
23:44:00        all      2.50      0.00      0.50     48.00      0.00     49.00
23:44:01        all      0.50      0.00      0.00     47.24      0.00     52.26
23:44:02        all      1.00      0.00      0.50     54.50      0.00     44.00
23:44:03        all     40.30      0.00      1.99     24.38      0.00     33.33
23:44:04        all     95.00      0.00      4.50      0.00      0.00      0.50
23:44:05        all     93.47      0.00      4.02      0.00      0.00      2.51
23:44:06        all     98.00      0.00      1.00      0.00      0.00      1.00
23:44:07        all     97.50      0.00      2.50      0.00      0.00      0.00
23:44:08        all     98.50      0.00      1.00      0.00      0.00      0.50
23:44:09        all     99.50      0.00      0.50      0.00      0.00      0.00
23:44:10        all     98.50      0.00      1.50      0.00      0.00      0.00
23:44:11        all     98.49      0.00      1.01      0.00      0.00      0.50
23:44:12        all     98.50      0.00      0.50      0.00      0.00      1.00
23:44:13        all     98.01      0.00      1.00      0.00      0.00      1.00
23:44:14        all     99.00      0.00      1.00      0.00      0.00      0.00
23:44:15        all     82.09      0.00      1.49      0.00      0.00     16.42
23:44:16        all     86.00      0.00      1.00      0.00      0.00     13.00
23:44:17        all     97.50      0.00      2.00      0.00      0.00      0.50
23:44:18        all    100.00      0.00      0.00      0.00      0.00      0.00
23:44:19        all     80.60      0.00      1.00      0.00      0.00     18.41
23:44:20        all     77.00      0.00      1.00      0.00      0.00     22.00
23:44:21        all     60.20      0.00      0.00      0.00      0.00     39.80
23:44:22        all     59.39      0.00      0.00      0.00      0.00     40.61
23:44:23        all     53.73      0.00      0.00      1.49      0.00     44.78
23:44:24        all     59.30      0.00      0.00      0.00      0.00     40.70
23:44:25        all     55.45      0.00      0.50      0.00      0.00     44.06
23:44:26        all     61.31      0.00      0.00      0.00      0.00     38.69
23:44:27        all     94.03      0.00      1.49      0.00      0.00      4.48
23:44:28        all     99.49      0.00      0.51      0.00      0.00      0.00
23:44:29        all     96.02      0.00      0.00      0.00      0.00      3.98
23:44:30        all     75.12      0.00      0.50      0.00      0.00     24.38
23:44:31        all     80.40      0.00      0.00      0.00      0.00     19.60
23:44:32        all     73.00      0.00      0.00      0.00      0.00     27.00
23:44:33        all     95.00      0.00      0.50      0.00      0.00      4.50
23:44:34        all     84.42      0.00      0.00      0.00      0.00     15.58
23:44:35        all     94.47      0.00      0.00      0.00      0.00      5.53
23:44:36        all     99.00      0.00      0.00      0.00      0.00      1.00
23:44:37        all     95.05      0.00      0.50      0.00      0.00      4.46
23:44:38        all    100.00      0.00      0.00      0.00      0.00      0.00
23:44:39        all     77.39      0.00      0.00      0.00      0.00     22.61
23:44:40        all     81.50      0.00      0.50      0.00      0.00     18.00
23:44:41        all     84.42      0.00      0.00      0.00      0.00     15.58
23:44:42        all    100.00      0.00      0.00      0.00      0.00      0.00
23:44:43        all     91.54      0.00      0.50      0.00      0.00      7.96
23:44:44        all     77.89      0.00      0.00      0.00      0.00     22.11
23:44:45        all     83.50      0.00      0.00      0.00      0.00     16.50
23:44:46        all    100.00      0.00      0.00      0.00      0.00      0.00
23:44:47        all     99.50      0.00      0.00      0.00      0.00      0.50
23:44:48        all    100.00      0.00      0.00      0.00      0.00      0.00
23:44:49        all     95.02      0.00      0.50      0.00      0.00      4.48
23:44:50        all     97.00      0.00      0.50      0.00      0.00      2.50
23:44:51        all     98.50      0.00      0.00      0.00      0.00      1.50
23:44:52        all     84.42      0.00      0.00      0.00      0.00     15.58
23:44:53        all     95.00      0.00      0.00      0.00      0.00      5.00
23:44:54        all     90.00      0.00      0.50      0.00      0.00      9.50
23:44:55        all     94.06      0.00      0.50      3.47      0.00      1.98
23:44:56        all    100.00      0.00      0.00      0.00      0.00      0.00
23:44:57        all     99.50      0.00      0.50      0.00      0.00      0.00
23:44:58        all     98.49      0.00      1.01      0.00      0.00      0.50
23:44:59        all     98.00      0.00      1.00      0.00      0.00      1.00
23:45:00        all     96.50      0.00      1.50      0.00      0.00      2.00
23:45:01        all     99.00      0.00      1.00      0.00      0.00      0.00
23:45:02        all     99.00      0.00      1.00      0.00      0.00      0.00
23:45:03        all    100.00      0.00      0.00      0.00      0.00      0.00
23:45:04        all     98.51      0.00      1.00      0.00      0.00      0.50
23:45:05        all     97.50      0.00      2.00      0.00      0.00      0.50
23:45:06        all     96.50      0.00      0.00      0.00      0.00      3.50
23:45:07        all     96.48      0.00      0.00      0.00      0.00      3.52
23:45:08        all    100.00      0.00      0.00      0.00      0.00      0.00
23:45:09        all     99.50      0.00      0.50      0.00      0.00      0.00
23:45:10        all     99.50      0.00      0.00      0.00      0.00      0.50
23:45:11        all    100.00      0.00      0.00      0.00      0.00      0.00
23:45:12        all    100.00      0.00      0.00      0.00      0.00      0.00
23:45:13        all     94.00      0.00      3.50      0.00      0.00      2.50
23:45:14        all     99.53      0.00      0.00      0.00      0.00      0.47
23:45:15        all     21.20      0.00      3.80      4.35      0.00     70.65
23:45:16        all      0.00      0.00      0.00      0.00      0.00    100.00
23:45:17        all      0.00      0.00      0.00      0.00      0.00    100.00
23:45:18        all      0.00      0.00      0.00      0.00      0.00    100.00
23:45:19        all      0.00      0.00      0.00      0.00      0.00    100.00
23:45:20        all      0.00      0.00      0.00      0.00      0.00    100.00
23:45:21        all      0.00      0.00      0.00      0.00      0.00    100.00
23:45:22        all      0.00      0.00      0.00      0.00      0.00    100.00
23:45:23        all      0.00      0.00      0.00      0.00      0.00    100.00
23:45:24        all      0.00      0.00      0.00      1.49      0.00     98.51
23:45:25        all      0.00      0.00      0.00      0.00      0.00    100.00
23:45:26        all      0.00      0.00      0.00      0.00      0.00    100.00
23:45:27        all      0.00      0.00      0.00      0.00      0.00    100.00
