Linux 4.13.0-19-generic (instance-2) 	12/20/17 	_x86_64_	(2 CPU)

05:02:18        CPU     %user     %nice   %system   %iowait    %steal     %idle
05:02:19        all      0.00      0.00      0.00      0.00      0.00    100.00
05:02:20        all      0.50      0.00      0.50      0.00      0.00     99.00
05:02:21        all     89.45      0.00      5.53      0.00      0.00      5.03
05:02:22        all     91.96      0.00      5.03      0.00      0.00      3.02
05:02:23        all     97.00      0.00      3.00      0.00      0.00      0.00
05:02:24        all     97.98      0.00      1.52      0.00      0.00      0.51
05:02:25        all     93.50      0.00      5.00      0.00      0.00      1.50
05:02:26        all     97.50      0.00      1.00      0.00      0.00      1.50
05:02:27        all     98.50      0.00      1.00      0.00      0.00      0.50
05:02:28        all     96.00      0.00      2.00      0.00      0.00      2.00
05:02:29        all     98.50      0.00      1.50      0.00      0.00      0.00
05:02:30        all     95.50      0.00      3.00      0.00      0.00      1.50
05:02:31        all     98.49      0.00      0.00      0.00      0.00      1.51
05:02:32        all     84.00      0.00      2.50      0.00      0.00     13.50
05:02:33        all     88.94      0.00      0.50      0.00      0.00     10.55
05:02:34        all     93.03      0.00      1.00      0.00      0.00      5.97
05:02:35        all     87.56      0.00      2.99      0.00      0.00      9.45
05:02:36        all     84.92      0.00      0.50      0.00      0.00     14.57
05:02:37        all     56.28      0.00      0.50      0.00      0.00     43.22
05:02:38        all     62.12      0.00      0.51      0.00      0.00     37.37
05:02:39        all     66.50      0.00      1.50      0.50      0.00     31.50
05:02:40        all     60.00      0.00      0.00      0.00      0.00     40.00
05:02:41        all     54.77      0.00      1.01      0.00      0.00     44.22
05:02:42        all     53.96      0.00      0.50      0.00      0.00     45.54
05:02:43        all     74.00      0.00      1.00      0.00      0.00     25.00
05:02:44        all     98.00      0.00      0.50      0.00      0.00      1.50
05:02:45        all    100.00      0.00      0.00      0.00      0.00      0.00
05:02:46        all     77.11      0.00      0.50      0.00      0.00     22.39
05:02:47        all     88.00      0.00      0.50      0.00      0.00     11.50
05:02:48        all     73.37      0.00      0.00      0.00      0.00     26.63
05:02:49        all     91.50      0.00      0.00      0.00      0.00      8.50
05:02:50        all     97.50      0.00      0.00      0.00      0.00      2.50
05:02:51        all     78.11      0.00      0.50      0.00      0.00     21.39
05:02:52        all     97.49      0.00      2.51      0.00      0.00      0.00
05:02:53        all    100.00      0.00      0.00      0.00      0.00      0.00
05:02:54        all     84.00      0.00      0.50      0.00      0.00     15.50
05:02:55        all    100.00      0.00      0.00      0.00      0.00      0.00
05:02:56        all     99.00      0.00      0.00      0.00      0.00      1.00
05:02:57        all     96.00      0.00      0.50      0.00      0.00      3.50
05:02:58        all     91.96      0.00      1.01      0.00      0.00      7.04
05:02:59        all     28.50      0.00      1.50      0.00      0.00     70.00
05:03:00        all      0.00      0.00      0.00      0.00      0.00    100.00
05:03:01        all      0.00      0.00      0.00      0.00      0.00    100.00
05:03:02        all      0.00      0.00      0.00      0.00      0.00    100.00
05:03:03        all      0.00      0.00      0.00      0.00      0.00    100.00
05:03:04        all      0.00      0.00      0.00      0.50      0.00     99.50
05:03:05        all      0.00      0.00      0.00      0.00      0.00    100.00
05:03:06        all      0.00      0.00      0.00      0.00      0.00    100.00
05:03:07        all     58.21      0.00      3.48      0.00      0.00     38.31
05:03:08        all     93.94      0.00      4.04      0.00      0.00      2.02
05:03:09        all     97.00      0.00      3.00      0.00      0.00      0.00
05:03:10        all     95.98      0.00      3.02      0.00      0.00      1.01
05:03:11        all     95.98      0.00      2.51      0.00      0.00      1.51
05:03:12        all     95.45      0.00      2.53      0.00      0.00      2.02
05:03:13        all     96.00      0.00      2.00      0.00      0.00      2.00
05:03:14        all     89.55      0.00      1.99      0.00      0.00      8.46
05:03:15        all     89.00      0.00      2.00      0.00      0.00      9.00
05:03:16        all     63.64      0.00      2.02      0.00      0.00     34.34
05:03:17        all     97.00      0.00      1.00      0.00      0.00      2.00
05:03:18        all     94.50      0.00      1.00      0.00      0.00      4.50
05:03:19        all     68.16      0.00      2.49      0.00      0.00     29.35
05:03:20        all     88.94      0.00      0.00      0.00      0.00     11.06
05:03:21        all     69.50      0.00      1.00      0.00      0.00     29.50
05:03:22        all     70.71      0.00      1.52      0.00      0.00     27.78
05:03:23        all     59.41      0.00      0.99      0.00      0.00     39.60
05:03:24        all     54.50      0.00      0.00      1.50      0.00     44.00
05:03:25        all     53.27      0.00      0.00      0.00      0.00     46.73
05:03:26        all     53.77      0.00      0.00      0.00      0.00     46.23
05:03:27        all     53.00      0.00      0.50      0.00      0.00     46.50
05:03:28        all     63.50      0.00      0.00      0.00      0.00     36.50
05:03:29        all     53.03      0.00      0.51      0.00      0.00     46.46
05:03:30        all     65.67      0.00      0.50      0.00      0.00     33.83
05:03:31        all     79.80      0.00      2.53      0.00      0.00     17.68
05:03:32        all     99.00      0.00      0.00      0.00      0.00      1.00
05:03:33        all     99.50      0.00      0.50      0.00      0.00      0.00
05:03:34        all     69.65      0.00      0.00      0.00      0.00     30.35
05:03:35        all     88.38      0.00      1.52      0.00      0.00     10.10
05:03:36        all     88.56      0.00      0.00      0.00      0.00     11.44
05:03:37        all     90.95      0.00      0.00      0.00      0.00      9.05
05:03:38        all     96.98      0.00      0.00      0.00      0.00      3.02
05:03:39        all     73.50      0.00      0.50      1.00      0.00     25.00
05:03:40        all     99.50      0.00      0.50      0.00      0.00      0.00
05:03:41        all     99.50      0.00      0.50      0.00      0.00      0.00
05:03:42        all     80.60      0.00      0.00      0.00      0.00     19.40
05:03:43        all     99.50      0.00      0.50      0.00      0.00      0.00
05:03:44        all     93.00      0.00      0.00      0.00      0.00      7.00
05:03:45        all     91.96      0.00      0.00      0.00      0.00      8.04
05:03:46        all     98.49      0.00      0.00      0.00      0.00      1.51
05:03:47        all     87.56      0.00      1.00      0.00      0.00     11.44
05:03:48        all     80.50      0.00      0.00      0.00      0.00     19.50
05:03:49        all     96.50      0.00      0.00      0.00      0.00      3.50
05:03:50        all     99.50      0.00      0.50      0.00      0.00      0.00
05:03:51        all     86.50      0.00      0.00      0.00      0.00     13.50
05:03:52        all     73.00      0.00      0.50      0.00      0.00     26.50
05:03:53        all     88.56      0.00      0.00      0.00      0.00     11.44
05:03:54        all     97.49      0.00      0.00      0.00      0.00      2.51
05:03:55        all     96.00      0.00      0.50      0.00      0.00      3.50
05:03:56        all     89.00      0.00      0.50      0.00      0.00     10.50
05:03:57        all    100.00      0.00      0.00      0.00      0.00      0.00
05:03:58        all     82.50      0.00      0.00      0.00      0.00     17.50
05:03:59        all    100.00      0.00      0.00      0.00      0.00      0.00
05:04:00        all    100.00      0.00      0.00      0.00      0.00      0.00
05:04:01        all     90.50      0.00      0.00      0.00      0.00      9.50
05:04:02        all     95.50      0.00      0.50      0.00      0.00      4.00
05:04:03        all     93.50      0.00      0.00      0.00      0.00      6.50
05:04:04        all     96.00      0.00      0.50      0.00      0.00      3.50
05:04:05        all    100.00      0.00      0.00      0.00      0.00      0.00
05:04:06        all    100.00      0.00      0.00      0.00      0.00      0.00
05:04:07        all     99.00      0.00      0.00      0.00      0.00      1.00
05:04:08        all     99.50      0.00      0.50      0.00      0.00      0.00
05:04:09        all     77.39      0.00      0.50      0.00      0.00     22.11
05:04:10        all     92.04      0.00      0.00      0.00      0.00      7.96
05:04:11        all     85.43      0.00      0.00      0.00      0.00     14.57
05:04:12        all     94.00      0.00      0.50      0.00      0.00      5.50
05:04:13        all     92.04      0.00      1.49      0.00      0.00      6.47
05:04:14        all     90.50      0.00      0.00      0.50      0.00      9.00
05:04:15        all     99.00      0.00      0.50      0.00      0.00      0.50
05:04:16        all     96.48      0.00      0.00      0.00      0.00      3.52
05:04:17        all    100.00      0.00      0.00      0.00      0.00      0.00
05:04:18        all     92.04      0.00      0.00      0.00      0.00      7.96
05:04:19        all     92.50      0.00      0.00      0.00      0.00      7.50
05:04:20        all     95.52      0.00      0.50      0.00      0.00      3.98
05:04:21        all    100.00      0.00      0.00      0.00      0.00      0.00
05:04:22        all     99.50      0.00      0.00      0.00      0.00      0.50
05:04:23        all     98.99      0.00      1.01      0.00      0.00      0.00
05:04:24        all     96.48      0.00      1.01      0.00      0.00      2.51
05:04:25        all     97.00      0.00      0.50      0.00      0.00      2.50
05:04:26        all     94.97      0.00      3.02      0.00      0.00      2.01
05:04:27        all     98.00      0.00      2.00      0.00      0.00      0.00
05:04:28        all     97.50      0.00      1.50      0.00      0.00      1.00
05:04:29        all     98.49      0.00      1.01      0.00      0.00      0.50
05:04:30        all     98.49      0.00      1.01      0.00      0.00      0.50
05:04:31        all     99.50      0.00      0.50      0.00      0.00      0.00
05:04:32        all     99.50      0.00      0.00      0.00      0.00      0.50
05:04:33        all     99.00      0.00      1.00      0.00      0.00      0.00
05:04:34        all     91.96      0.00      3.02      0.00      0.00      5.03
05:04:35        all     97.00      0.00      1.50      0.00      0.00      1.50
05:04:36        all     95.50      0.00      1.00      0.00      0.00      3.50
05:04:37        all     22.39      0.00      1.99      0.00      0.00     75.62
