Linux 4.13.0-19-generic (instance-2) 	12/20/17 	_x86_64_	(2 CPU)

07:38:34        CPU     %user     %nice   %system   %iowait    %steal     %idle
07:38:35        all      0.00      0.00      0.00      0.00      0.00    100.00
07:38:36        all      0.00      0.00      0.00      0.00      0.00    100.00
07:38:37        all     67.00      0.00      4.50      0.50      0.00     28.00
07:38:38        all     95.98      0.00      2.51      0.00      0.00      1.51
07:38:39        all     94.50      0.00      5.50      0.00      0.00      0.00
07:38:40        all     95.54      0.00      3.47      0.00      0.00      0.99
07:38:41        all     95.96      0.00      2.53      0.00      0.00      1.52
07:38:42        all     98.51      0.00      0.50      0.00      0.00      1.00
07:38:43        all     98.00      0.00      1.50      0.00      0.00      0.50
07:38:44        all     99.50      0.00      0.50      0.00      0.00      0.00
07:38:45        all     98.99      0.00      0.50      0.00      0.00      0.50
07:38:46        all     98.50      0.00      1.00      0.00      0.00      0.50
07:38:47        all     92.46      0.00      1.01      0.00      0.00      6.53
07:38:48        all     97.51      0.00      2.49      0.00      0.00      0.00
07:38:49        all     89.50      0.00      0.50      0.00      0.00     10.00
07:38:50        all     79.90      0.00      1.51      0.00      0.00     18.59
07:38:51        all     76.62      0.00      0.50      0.00      0.00     22.89
07:38:52        all     74.37      0.00      1.51      0.00      0.00     24.12
07:38:53        all     57.29      0.00      1.01      0.00      0.00     41.71
07:38:54        all     53.73      0.00      1.49      0.00      0.00     44.78
07:38:55        all     63.32      0.00      0.50      0.00      0.00     36.18
07:38:56        all     54.27      0.00      0.00      0.00      0.00     45.73
07:38:57        all     54.00      0.00      0.00      0.00      0.00     46.00
07:38:58        all     69.15      0.00      1.00      0.00      0.00     29.85
07:38:59        all     98.99      0.00      0.50      0.00      0.00      0.50
07:39:00        all     88.06      0.00      0.50      0.00      0.00     11.44
07:39:01        all     66.00      0.00      0.00      0.00      0.00     34.00
07:39:02        all     90.95      0.00      0.00      0.00      0.00      9.05
07:39:03        all     86.00      0.00      1.50      0.00      0.00     12.50
07:39:04        all     85.43      0.00      0.50      0.00      0.00     14.07
07:39:05        all     93.00      0.00      0.00      0.00      0.00      7.00
07:39:06        all    100.00      0.00      0.00      0.00      0.00      0.00
07:39:07        all     95.00      0.00      0.00      0.00      0.00      5.00
07:39:08        all    100.00      0.00      0.00      0.00      0.00      0.00
07:39:09        all     92.54      0.00      0.50      0.00      0.00      6.97
07:39:10        all    100.00      0.00      0.00      0.00      0.00      0.00
07:39:11        all     99.50      0.00      0.50      0.00      0.00      0.00
07:39:12        all     98.50      0.00      1.00      0.00      0.00      0.50
07:39:13        all     92.46      0.00      0.00      0.00      0.00      7.54
07:39:14        all    100.00      0.00      0.00      0.00      0.00      0.00
07:39:15        all    100.00      0.00      0.00      0.00      0.00      0.00
07:39:16        all     97.50      0.00      2.00      0.00      0.00      0.50
07:39:17        all     98.49      0.00      1.01      0.00      0.00      0.50
07:39:18        all     89.50      0.00      2.00      0.00      0.00      8.50
07:39:19        all     96.98      0.00      0.50      0.00      0.00      2.51
07:39:20        all     14.50      0.00      2.50      8.50      0.00     74.50
07:39:21        all      0.00      0.00      0.00      0.00      0.00    100.00
07:39:22        all      0.00      0.00      0.00      0.00      0.00    100.00
07:39:23        all      0.00      0.00      0.00      0.50      0.00     99.50
07:39:24        all      0.00      0.00      0.00      0.00      0.00    100.00
07:39:25        all      0.00      0.00      0.00      0.00      0.00    100.00
07:39:26        all      0.00      0.00      0.00      0.00      0.00    100.00
07:39:27        all      0.00      0.00      0.00      0.00      0.00    100.00
07:39:28        all      2.51      0.00      0.50     23.62      0.00     73.37
07:39:29        all     65.35      0.00      2.97      8.42      0.00     23.27
07:39:30        all     15.08      0.00      0.50     19.60      0.00     64.82
07:39:31        all     95.94      0.00      3.55      0.00      0.00      0.51
07:39:32        all     95.48      0.00      3.52      0.00      0.00      1.01
07:39:33        all     90.55      0.00      1.99      0.00      0.00      7.46
07:39:34        all      0.00      0.00      0.50      0.00      0.00     99.50
07:39:35        all      0.00      0.00      0.00      1.01      0.00     98.99
07:39:36        all      0.00      0.00      0.50      0.00      0.00     99.50
07:39:37        all      0.00      0.00      0.00      0.00      0.00    100.00
07:39:38        all      0.00      0.00      0.00      0.00      0.00    100.00
07:39:39        all      0.00      0.00      0.50      0.00      0.00     99.50
07:39:40        all      0.00      0.00      0.00      3.52      0.00     96.48
07:39:41        all      0.00      0.00      0.50      0.00      0.00     99.50
07:39:42        all     83.00      0.00      6.50      0.00      0.00     10.50
07:39:43        all     95.00      0.00      3.50      0.00      0.00      1.50
07:39:44        all     95.00      0.00      4.00      0.00      0.00      1.00
07:39:45        all     74.87      0.00      2.01     11.56      0.00     11.56
07:39:46        all     95.00      0.00      3.00      0.00      0.00      2.00
07:39:47        all     95.00      0.00      1.50      2.00      0.00      1.50
07:39:48        all     97.50      0.00      0.50      0.00      0.00      2.00
07:39:49        all     91.50      0.00      1.00      0.00      0.00      7.50
07:39:50        all     82.09      0.00      1.00      0.00      0.00     16.92
07:39:51        all     98.49      0.00      1.01      0.50      0.00      0.00
07:39:52        all     92.50      0.00      2.00      0.00      0.00      5.50
07:39:53        all     85.35      0.00      0.00      0.00      0.00     14.65
07:39:54        all     98.51      0.00      1.49      0.00      0.00      0.00
07:39:55        all     87.00      0.00      0.50      0.00      0.00     12.50
07:39:56        all     61.31      0.00      2.51      0.00      0.00     36.18
07:39:57        all     55.28      0.00      2.51      0.00      0.00     42.21
07:39:58        all     53.27      0.00      0.00      0.00      0.00     46.73
07:39:59        all     51.49      0.00      1.49      0.00      0.00     47.03
07:40:00        all     53.00      0.00      0.00      0.00      0.00     47.00
07:40:01        all     53.27      0.00      0.50      4.52      0.00     41.71
07:40:02        all     54.00      0.00      0.50      0.00      0.00     45.50
07:40:03        all     53.27      0.00      0.00      0.00      0.00     46.73
07:40:04        all     58.00      0.00      0.00      0.00      0.00     42.00
07:40:05        all     62.31      0.00      0.00      0.00      0.00     37.69
07:40:06        all     99.50      0.00      0.00      0.00      0.00      0.50
07:40:07        all     78.00      0.00      0.50      0.00      0.00     21.50
07:40:08        all     76.38      0.00      0.00      0.00      0.00     23.62
07:40:09        all     61.69      0.00      0.00      0.00      0.00     38.31
07:40:10        all     52.26      0.00      0.00      0.00      0.00     47.74
07:40:11        all     67.50      0.00      0.00      0.00      0.00     32.50
07:40:12        all     52.50      0.00      1.00      1.50      0.00     45.00
07:40:13        all     86.50      0.00      1.50      0.00      0.00     12.00
07:40:14        all     98.50      0.00      1.00      0.00      0.00      0.50
07:40:15        all     91.00      0.00      0.00      0.00      0.00      9.00
07:40:16        all     69.50      0.00      0.00      0.00      0.00     30.50
07:40:17        all     84.50      0.00      0.50      0.00      0.00     15.00
07:40:18        all     78.50      0.00      0.50      0.00      0.00     21.00
07:40:19        all     82.59      0.00      1.00      0.00      0.00     16.42
07:40:20        all     94.50      0.00      0.00      0.00      0.00      5.50
07:40:21        all     78.39      0.00      0.00      0.00      0.00     21.61
07:40:22        all     98.50      0.00      0.00      0.00      0.00      1.50
07:40:23        all     85.00      0.00      0.00      0.00      0.00     15.00
07:40:24        all     90.50      0.00      0.00      0.00      0.00      9.50
07:40:25        all     83.50      0.00      0.50      0.00      0.00     16.00
07:40:26        all     89.00      0.00      0.00      0.00      0.00     11.00
07:40:27        all     96.00      0.00      0.00      0.00      0.00      4.00
07:40:28        all     98.00      0.00      0.00      0.00      0.00      2.00
07:40:29        all    100.00      0.00      0.00      0.00      0.00      0.00
07:40:30        all     90.00      0.00      0.50      0.00      0.00      9.50
07:40:31        all     93.97      0.00      0.00      0.00      0.00      6.03
07:40:32        all     96.00      0.00      0.00      0.00      0.00      4.00
07:40:33        all     84.08      0.00      0.50      0.00      0.00     15.42
07:40:34        all    100.00      0.00      0.00      0.00      0.00      0.00
07:40:35        all    100.00      0.00      0.00      0.00      0.00      0.00
07:40:36        all     66.17      0.00      0.00      0.00      0.00     33.83
07:40:37        all     80.10      0.00      0.50      0.00      0.00     19.40
07:40:38        all     97.50      0.00      0.00      0.00      0.00      2.50
07:40:39        all     87.44      0.00      0.50      0.00      0.00     12.06
07:40:40        all     99.50      0.00      0.50      0.00      0.00      0.00
07:40:41        all     92.54      0.00      0.50      0.00      0.00      6.97
07:40:42        all     96.52      0.00      0.00      0.00      0.00      3.48
07:40:43        all     97.99      0.00      0.00      0.00      0.00      2.01
07:40:44        all     99.50      0.00      0.50      0.00      0.00      0.00
07:40:45        all     99.50      0.00      0.50      0.00      0.00      0.00
07:40:46        all    100.00      0.00      0.00      0.00      0.00      0.00
07:40:47        all     96.50      0.00      2.50      0.00      0.00      1.00
07:40:48        all     97.99      0.00      1.01      0.00      0.00      1.01
07:40:49        all     96.00      0.00      3.00      0.00      0.00      1.00
07:40:50        all     99.50      0.00      0.00      0.00      0.00      0.50
07:40:51        all     93.47      0.00      1.51      0.00      0.00      5.03
07:40:52        all     95.02      0.00      2.49      0.00      0.00      2.49
07:40:53        all     79.50      0.00      4.00      0.00      0.00     16.50
07:40:54        all      0.00      0.00      0.00      0.00      0.00    100.00
07:40:55        all      0.00      0.00      0.00      0.00      0.00    100.00
07:40:56        all      0.00      0.00      0.00      0.00      0.00    100.00
07:40:57        all      0.00      0.00      0.00      0.00      0.00    100.00
07:40:58        all      0.00      0.00      0.00      0.00      0.00    100.00
07:40:59        all      0.00      0.00      0.00      0.00      0.00    100.00
07:41:00        all      0.00      0.00      0.00      0.00      0.00    100.00
07:41:01        all      0.00      0.00      0.00      7.50      0.00     92.50
07:41:02        all      0.00      0.00      0.00      0.00      0.00    100.00
07:41:03        all      0.00      0.00      0.00      0.00      0.00    100.00
07:41:04        all      0.00      0.00      0.00      0.00      0.00    100.00
07:41:05        all      0.00      0.00      0.00      0.00      0.00    100.00
07:41:06        all      0.00      0.00      0.00      0.00      0.00    100.00
07:41:07        all      0.00      0.00      0.00      0.00      0.00    100.00
07:41:08        all      0.00      0.00      0.00      2.00      0.00     98.00
07:41:09        all      0.00      0.00      0.00      0.00      0.00    100.00
07:41:10        all      0.00      0.00      0.00      0.00      0.00    100.00
07:41:11        all      0.00      0.00      0.00      0.00      0.00    100.00
07:41:12        all      0.00      0.00      0.00      0.00      0.00    100.00
07:41:13        all      0.00      0.00      0.00      0.00      0.00    100.00
07:41:14        all      0.00      0.00      0.00      0.00      0.00    100.00
07:41:15        all      0.00      0.00      0.00      0.00      0.00    100.00
07:41:16        all      0.00      0.00      0.00      0.00      0.00    100.00
07:41:17        all      0.00      0.00      0.00      0.00      0.00    100.00
07:41:18        all      0.00      0.00      0.00      1.49      0.00     98.51
07:41:19        all      0.00      0.00      0.00      3.52      0.00     96.48
07:41:20        all      0.00      0.00      0.00      0.00      0.00    100.00
07:41:21        all      0.00      0.00      0.00      0.00      0.00    100.00
07:41:22        all      0.00      0.00      0.00      0.00      0.00    100.00
07:41:23        all      0.00      0.00      0.00      1.01      0.00     98.99
