Linux 4.13.0-17-generic (instance-2) 	12/17/17 	_x86_64_	(1 CPU)

00:36:41        CPU     %user     %nice   %system   %iowait    %steal     %idle
00:36:42        all      0.00      0.00      0.00      0.00      0.00    100.00
00:36:43        all      0.00      0.00      0.00      0.00      0.00    100.00
Linux 4.13.0-17-generic (instance-2) 	12/17/17 	_x86_64_	(1 CPU)

00:37:39        CPU     %user     %nice   %system   %iowait    %steal     %idle
00:37:40        all      0.00      0.00      0.00      0.00      0.00    100.00
00:37:41        all      0.00      0.00      0.00      0.00      0.00    100.00
00:37:42        all      0.00      0.00      0.00      0.00      0.00    100.00
00:37:43        all      0.00      0.00      0.00      0.00      0.00    100.00
00:37:44        all     62.63      0.00      4.04      0.00      0.00     33.33
00:37:45        all     96.00      0.00      4.00      0.00      0.00      0.00
00:37:46        all     98.02      0.00      1.98      0.00      0.00      0.00
00:37:47        all     96.97      0.00      3.03      0.00      0.00      0.00
00:37:48        all     97.03      0.00      2.97      0.00      0.00      0.00
00:37:49        all     99.00      0.00      1.00      0.00      0.00      0.00
00:37:50        all    100.00      0.00      0.00      0.00      0.00      0.00
00:37:51        all     98.99      0.00      1.01      0.00      0.00      0.00
00:37:52        all     99.00      0.00      1.00      0.00      0.00      0.00
00:37:53        all     99.01      0.00      0.99      0.00      0.00      0.00
00:37:54        all    100.00      0.00      0.00      0.00      0.00      0.00
00:37:55        all    100.00      0.00      0.00      0.00      0.00      0.00
00:37:56        all    100.00      0.00      0.00      0.00      0.00      0.00
00:37:57        all    100.00      0.00      0.00      0.00      0.00      0.00
00:37:58        all     99.00      0.00      1.00      0.00      0.00      0.00
00:37:59        all    100.00      0.00      0.00      0.00      0.00      0.00
00:38:00        all    100.00      0.00      0.00      0.00      0.00      0.00
00:38:01        all     98.02      0.00      1.98      0.00      0.00      0.00
00:38:02        all    100.00      0.00      0.00      0.00      0.00      0.00
00:38:03        all     99.01      0.00      0.99      0.00      0.00      0.00
00:38:04        all     99.00      0.00      1.00      0.00      0.00      0.00
00:38:05        all    100.00      0.00      0.00      0.00      0.00      0.00
00:38:06        all     99.01      0.00      0.99      0.00      0.00      0.00
00:38:07        all    100.00      0.00      0.00      0.00      0.00      0.00
00:38:08        all    100.00      0.00      0.00      0.00      0.00      0.00
00:38:09        all    100.00      0.00      0.00      0.00      0.00      0.00
00:38:10        all    100.00      0.00      0.00      0.00      0.00      0.00
00:38:11        all     99.00      0.00      1.00      0.00      0.00      0.00
00:38:12        all     99.01      0.00      0.99      0.00      0.00      0.00
00:38:13        all     99.00      0.00      1.00      0.00      0.00      0.00
00:38:14        all    100.00      0.00      0.00      0.00      0.00      0.00
00:38:15        all     99.01      0.00      0.99      0.00      0.00      0.00
00:38:16        all    100.00      0.00      0.00      0.00      0.00      0.00
00:38:17        all    100.00      0.00      0.00      0.00      0.00      0.00
00:38:18        all     98.02      0.00      1.98      0.00      0.00      0.00
00:38:19        all    100.00      0.00      0.00      0.00      0.00      0.00
00:38:20        all    100.00      0.00      0.00      0.00      0.00      0.00
00:38:21        all     98.02      0.00      1.98      0.00      0.00      0.00
00:38:22        all    100.00      0.00      0.00      0.00      0.00      0.00
00:38:23        all     99.00      0.00      1.00      0.00      0.00      0.00
00:38:24        all    100.00      0.00      0.00      0.00      0.00      0.00
00:38:25        all     99.00      0.00      1.00      0.00      0.00      0.00
00:38:26        all     99.00      0.00      1.00      0.00      0.00      0.00
00:38:27        all     99.01      0.00      0.99      0.00      0.00      0.00
00:38:28        all    100.00      0.00      0.00      0.00      0.00      0.00
00:38:29        all     98.02      0.00      1.98      0.00      0.00      0.00
00:38:30        all     97.00      0.00      3.00      0.00      0.00      0.00
00:38:31        all     96.97      0.00      3.03      0.00      0.00      0.00
00:38:32        all     98.02      0.00      1.98      0.00      0.00      0.00
00:38:33        all     98.99      0.00      1.01      0.00      0.00      0.00
00:38:34        all    100.00      0.00      0.00      0.00      0.00      0.00
00:38:35        all    100.00      0.00      0.00      0.00      0.00      0.00
00:38:36        all     99.01      0.00      0.99      0.00      0.00      0.00
00:38:37        all    100.00      0.00      0.00      0.00      0.00      0.00
00:38:38        all    100.00      0.00      0.00      0.00      0.00      0.00
00:38:39        all    100.00      0.00      0.00      0.00      0.00      0.00
00:38:40        all    100.00      0.00      0.00      0.00      0.00      0.00
00:38:41        all    100.00      0.00      0.00      0.00      0.00      0.00
00:38:42        all     99.00      0.00      1.00      0.00      0.00      0.00
00:38:43        all     99.01      0.00      0.99      0.00      0.00      0.00
00:38:44        all    100.00      0.00      0.00      0.00      0.00      0.00
00:38:45        all    100.00      0.00      0.00      0.00      0.00      0.00
00:38:46        all     98.00      0.00      2.00      0.00      0.00      0.00
00:38:47        all    100.00      0.00      0.00      0.00      0.00      0.00
00:38:48        all    100.00      0.00      0.00      0.00      0.00      0.00
00:38:49        all    100.00      0.00      0.00      0.00      0.00      0.00
00:38:50        all    100.00      0.00      0.00      0.00      0.00      0.00
00:38:51        all     99.01      0.00      0.99      0.00      0.00      0.00
00:38:52        all    100.00      0.00      0.00      0.00      0.00      0.00
00:38:53        all    100.00      0.00      0.00      0.00      0.00      0.00
00:38:54        all    100.00      0.00      0.00      0.00      0.00      0.00
00:38:55        all    100.00      0.00      0.00      0.00      0.00      0.00
00:38:56        all    100.00      0.00      0.00      0.00      0.00      0.00
00:38:57        all    100.00      0.00      0.00      0.00      0.00      0.00
00:38:58        all    100.00      0.00      0.00      0.00      0.00      0.00
00:38:59        all    100.00      0.00      0.00      0.00      0.00      0.00
00:39:00        all    100.00      0.00      0.00      0.00      0.00      0.00
00:39:01        all     99.00      0.00      1.00      0.00      0.00      0.00
00:39:02        all    100.00      0.00      0.00      0.00      0.00      0.00
00:39:03        all    100.00      0.00      0.00      0.00      0.00      0.00
00:39:04        all    100.00      0.00      0.00      0.00      0.00      0.00
00:39:05        all    100.00      0.00      0.00      0.00      0.00      0.00
00:39:06        all    100.00      0.00      0.00      0.00      0.00      0.00
00:39:07        all     98.00      0.00      2.00      0.00      0.00      0.00
00:39:08        all    100.00      0.00      0.00      0.00      0.00      0.00
00:39:09        all    100.00      0.00      0.00      0.00      0.00      0.00
00:39:10        all     99.00      0.00      1.00      0.00      0.00      0.00
00:39:11        all    100.00      0.00      0.00      0.00      0.00      0.00
00:39:12        all    100.00      0.00      0.00      0.00      0.00      0.00
00:39:13        all    100.00      0.00      0.00      0.00      0.00      0.00
00:39:14        all     99.00      0.00      1.00      0.00      0.00      0.00
00:39:15        all     97.00      0.00      3.00      0.00      0.00      0.00
00:39:16        all     95.00      0.00      5.00      0.00      0.00      0.00
00:39:17        all     99.00      0.00      1.00      0.00      0.00      0.00
00:39:18        all     98.00      0.00      2.00      0.00      0.00      0.00
00:39:19        all     99.00      0.00      1.00      0.00      0.00      0.00
00:39:20        all    100.00      0.00      0.00      0.00      0.00      0.00
00:39:21        all    100.00      0.00      0.00      0.00      0.00      0.00
00:39:22        all    100.00      0.00      0.00      0.00      0.00      0.00
00:39:23        all     99.00      0.00      1.00      0.00      0.00      0.00
00:39:24        all    100.00      0.00      0.00      0.00      0.00      0.00
00:39:25        all    100.00      0.00      0.00      0.00      0.00      0.00
00:39:26        all    100.00      0.00      0.00      0.00      0.00      0.00
00:39:27        all     97.00      0.00      3.00      0.00      0.00      0.00
00:39:28        all     99.00      0.00      1.00      0.00      0.00      0.00
00:39:29        all     98.00      0.00      2.00      0.00      0.00      0.00
00:39:30        all    100.00      0.00      0.00      0.00      0.00      0.00
00:39:31        all    100.00      0.00      0.00      0.00      0.00      0.00
00:39:32        all     99.01      0.00      0.99      0.00      0.00      0.00
00:39:33        all    100.00      0.00      0.00      0.00      0.00      0.00
00:39:34        all    100.00      0.00      0.00      0.00      0.00      0.00
00:39:35        all    100.00      0.00      0.00      0.00      0.00      0.00
00:39:36        all    100.00      0.00      0.00      0.00      0.00      0.00
00:39:37        all    100.00      0.00      0.00      0.00      0.00      0.00
00:39:38        all    100.00      0.00      0.00      0.00      0.00      0.00
00:39:39        all    100.00      0.00      0.00      0.00      0.00      0.00
00:39:40        all    100.00      0.00      0.00      0.00      0.00      0.00
00:39:41        all     99.01      0.00      0.99      0.00      0.00      0.00
00:39:42        all    100.00      0.00      0.00      0.00      0.00      0.00
00:39:43        all     99.00      0.00      1.00      0.00      0.00      0.00
00:39:44        all    100.00      0.00      0.00      0.00      0.00      0.00
00:39:45        all    100.00      0.00      0.00      0.00      0.00      0.00
00:39:46        all     96.00      0.00      4.00      0.00      0.00      0.00
00:39:47        all     99.00      0.00      1.00      0.00      0.00      0.00
00:39:48        all     98.00      0.00      2.00      0.00      0.00      0.00
00:39:49        all    100.00      0.00      0.00      0.00      0.00      0.00
00:39:50        all     99.00      0.00      1.00      0.00      0.00      0.00
00:39:51        all    100.00      0.00      0.00      0.00      0.00      0.00
00:39:52        all    100.00      0.00      0.00      0.00      0.00      0.00
00:39:53        all    100.00      0.00      0.00      0.00      0.00      0.00
00:39:54        all     99.01      0.00      0.99      0.00      0.00      0.00
00:39:55        all     98.00      0.00      2.00      0.00      0.00      0.00
00:39:56        all     99.00      0.00      1.00      0.00      0.00      0.00
00:39:57        all    100.00      0.00      0.00      0.00      0.00      0.00
00:39:58        all    100.00      0.00      0.00      0.00      0.00      0.00
00:39:59        all    100.00      0.00      0.00      0.00      0.00      0.00
00:40:00        all    100.00      0.00      0.00      0.00      0.00      0.00
00:40:01        all    100.00      0.00      0.00      0.00      0.00      0.00
00:40:02        all     99.00      0.00      1.00      0.00      0.00      0.00
00:40:03        all    100.00      0.00      0.00      0.00      0.00      0.00
00:40:04        all    100.00      0.00      0.00      0.00      0.00      0.00
00:40:05        all    100.00      0.00      0.00      0.00      0.00      0.00
00:40:06        all    100.00      0.00      0.00      0.00      0.00      0.00
00:40:07        all    100.00      0.00      0.00      0.00      0.00      0.00
00:40:08        all    100.00      0.00      0.00      0.00      0.00      0.00
00:40:09        all    100.00      0.00      0.00      0.00      0.00      0.00
00:40:10        all    100.00      0.00      0.00      0.00      0.00      0.00
00:40:11        all    100.00      0.00      0.00      0.00      0.00      0.00
00:40:12        all    100.00      0.00      0.00      0.00      0.00      0.00
00:40:13        all    100.00      0.00      0.00      0.00      0.00      0.00
00:40:14        all    100.00      0.00      0.00      0.00      0.00      0.00
00:40:15        all    100.00      0.00      0.00      0.00      0.00      0.00
00:40:16        all    100.00      0.00      0.00      0.00      0.00      0.00
00:40:17        all    100.00      0.00      0.00      0.00      0.00      0.00
00:40:18        all     99.00      0.00      1.00      0.00      0.00      0.00
00:40:19        all    100.00      0.00      0.00      0.00      0.00      0.00
00:40:20        all    100.00      0.00      0.00      0.00      0.00      0.00
00:40:21        all    100.00      0.00      0.00      0.00      0.00      0.00
00:40:22        all    100.00      0.00      0.00      0.00      0.00      0.00
00:40:23        all    100.00      0.00      0.00      0.00      0.00      0.00
00:40:24        all    100.00      0.00      0.00      0.00      0.00      0.00
00:40:25        all     99.01      0.00      0.99      0.00      0.00      0.00
00:40:26        all    100.00      0.00      0.00      0.00      0.00      0.00
00:40:27        all    100.00      0.00      0.00      0.00      0.00      0.00
00:40:28        all    100.00      0.00      0.00      0.00      0.00      0.00
00:40:29        all     99.00      0.00      1.00      0.00      0.00      0.00
00:40:30        all     99.00      0.00      1.00      0.00      0.00      0.00
00:40:31        all     98.00      0.00      2.00      0.00      0.00      0.00
00:40:32        all     94.95      0.00      5.05      0.00      0.00      0.00
00:40:33        all     99.01      0.00      0.99      0.00      0.00      0.00
00:40:34        all    100.00      0.00      0.00      0.00      0.00      0.00
00:40:35        all     99.00      0.00      1.00      0.00      0.00      0.00
00:40:36        all     96.00      0.00      4.00      0.00      0.00      0.00
00:40:37        all    100.00      0.00      0.00      0.00      0.00      0.00
00:40:38        all     98.02      0.00      1.98      0.00      0.00      0.00
00:40:39        all     99.00      0.00      1.00      0.00      0.00      0.00
00:40:40        all     98.99      0.00      1.01      0.00      0.00      0.00
00:40:41        all     99.01      0.00      0.99      0.00      0.00      0.00
00:40:42        all     98.99      0.00      1.01      0.00      0.00      0.00
00:40:43        all     99.01      0.00      0.99      0.00      0.00      0.00
00:40:44        all     99.00      0.00      1.00      0.00      0.00      0.00
00:40:45        all     99.00      0.00      1.00      0.00      0.00      0.00
00:40:46        all    100.00      0.00      0.00      0.00      0.00      0.00
00:40:47        all    100.00      0.00      0.00      0.00      0.00      0.00
00:40:48        all     99.00      0.00      1.00      0.00      0.00      0.00
00:40:49        all     99.00      0.00      1.00      0.00      0.00      0.00
00:40:50        all    100.00      0.00      0.00      0.00      0.00      0.00
00:40:51        all     99.00      0.00      1.00      0.00      0.00      0.00
00:40:52        all    100.00      0.00      0.00      0.00      0.00      0.00
00:40:53        all     99.00      0.00      1.00      0.00      0.00      0.00
00:40:54        all     99.01      0.00      0.99      0.00      0.00      0.00
00:40:55        all     97.98      0.00      2.02      0.00      0.00      0.00
00:40:56        all    100.00      0.00      0.00      0.00      0.00      0.00
00:40:57        all    100.00      0.00      0.00      0.00      0.00      0.00
00:40:58        all     99.00      0.00      1.00      0.00      0.00      0.00
00:40:59        all    100.00      0.00      0.00      0.00      0.00      0.00
00:41:00        all    100.00      0.00      0.00      0.00      0.00      0.00
00:41:01        all     99.01      0.00      0.99      0.00      0.00      0.00
00:41:02        all    100.00      0.00      0.00      0.00      0.00      0.00
00:41:03        all    100.00      0.00      0.00      0.00      0.00      0.00
00:41:04        all    100.00      0.00      0.00      0.00      0.00      0.00
00:41:05        all    100.00      0.00      0.00      0.00      0.00      0.00
00:41:06        all     99.00      0.00      1.00      0.00      0.00      0.00
00:41:07        all     99.01      0.00      0.99      0.00      0.00      0.00
00:41:08        all    100.00      0.00      0.00      0.00      0.00      0.00
00:41:09        all    100.00      0.00      0.00      0.00      0.00      0.00
00:41:10        all     98.00      0.00      2.00      0.00      0.00      0.00
00:41:11        all     98.00      0.00      2.00      0.00      0.00      0.00
00:41:12        all    100.00      0.00      0.00      0.00      0.00      0.00
00:41:13        all     99.00      0.00      1.00      0.00      0.00      0.00
00:41:14        all     98.00      0.00      2.00      0.00      0.00      0.00
00:41:15        all    100.00      0.00      0.00      0.00      0.00      0.00
00:41:16        all     99.01      0.00      0.99      0.00      0.00      0.00
00:41:17        all    100.00      0.00      0.00      0.00      0.00      0.00
00:41:18        all    100.00      0.00      0.00      0.00      0.00      0.00
00:41:19        all    100.00      0.00      0.00      0.00      0.00      0.00
00:41:20        all    100.00      0.00      0.00      0.00      0.00      0.00
00:41:21        all     98.02      0.00      1.98      0.00      0.00      0.00
00:41:22        all    100.00      0.00      0.00      0.00      0.00      0.00
00:41:23        all     98.99      0.00      1.01      0.00      0.00      0.00
00:41:24        all     99.00      0.00      1.00      0.00      0.00      0.00
00:41:25        all    100.00      0.00      0.00      0.00      0.00      0.00
00:41:26        all    100.00      0.00      0.00      0.00      0.00      0.00
00:41:27        all     99.00      0.00      1.00      0.00      0.00      0.00
00:41:28        all    100.00      0.00      0.00      0.00      0.00      0.00
00:41:29        all    100.00      0.00      0.00      0.00      0.00      0.00
00:41:30        all     99.00      0.00      1.00      0.00      0.00      0.00
00:41:31        all    100.00      0.00      0.00      0.00      0.00      0.00
00:41:32        all    100.00      0.00      0.00      0.00      0.00      0.00
00:41:33        all     98.00      0.00      2.00      0.00      0.00      0.00
00:41:34        all    100.00      0.00      0.00      0.00      0.00      0.00
00:41:35        all    100.00      0.00      0.00      0.00      0.00      0.00
00:41:36        all     99.00      0.00      1.00      0.00      0.00      0.00
00:41:37        all    100.00      0.00      0.00      0.00      0.00      0.00
00:41:38        all     99.00      0.00      1.00      0.00      0.00      0.00
00:41:39        all     99.00      0.00      1.00      0.00      0.00      0.00
00:41:40        all    100.00      0.00      0.00      0.00      0.00      0.00
00:41:41        all     99.01      0.00      0.99      0.00      0.00      0.00
00:41:42        all    100.00      0.00      0.00      0.00      0.00      0.00
00:41:43        all    100.00      0.00      0.00      0.00      0.00      0.00
00:41:44        all     88.00      0.00      2.00      0.00      0.00     10.00
00:41:45        all     99.00      0.00      1.00      0.00      0.00      0.00
00:41:46        all     60.00      0.00      5.00      0.00      0.00     35.00
00:41:47        all      0.00      0.00      0.99      0.00      0.00     99.01
00:41:48        all      0.00      0.00      0.00      0.00      0.00    100.00
00:41:49        all      0.00      0.00      0.99      0.00      0.00     99.01
00:41:50        all      0.00      0.00      0.00      0.00      0.00    100.00
00:41:51        all      0.00      0.00      0.00      0.00      0.00    100.00
00:41:52        all      0.00      0.00      0.00      0.00      0.00    100.00
00:41:53        all      1.00      0.00      0.00      3.00      0.00     96.00
00:41:54        all      0.00      0.00      0.00      0.00      0.00    100.00
00:41:55        all      0.00      0.00      0.00      0.00      0.00    100.00
00:41:56        all      0.00      0.00      0.00      0.00      0.00    100.00
