Linux 4.13.0-17-generic (instance-2) 	12/17/17 	_x86_64_	(1 CPU)

07:56:41        CPU     %user     %nice   %system   %iowait    %steal     %idle
07:56:42        all      0.98      0.00      1.96      0.00      0.00     97.06
07:56:43        all      1.01      0.00      0.00      0.00      0.00     98.99
07:56:44        all     51.00      0.00      4.00      0.00      0.00     45.00
07:56:45        all     97.00      0.00      3.00      0.00      0.00      0.00
07:56:46        all     94.95      0.00      5.05      0.00      0.00      0.00
07:56:47        all     96.04      0.00      3.96      0.00      0.00      0.00
07:56:48        all     96.00      0.00      4.00      0.00      0.00      0.00
07:56:49        all     97.00      0.00      3.00      0.00      0.00      0.00
07:56:50        all     97.00      0.00      3.00      0.00      0.00      0.00
07:56:51        all     98.02      0.00      1.98      0.00      0.00      0.00
07:56:52        all     98.99      0.00      1.01      0.00      0.00      0.00
07:56:53        all     98.00      0.00      2.00      0.00      0.00      0.00
07:56:54        all    100.00      0.00      0.00      0.00      0.00      0.00
07:56:55        all    100.00      0.00      0.00      0.00      0.00      0.00
07:56:56        all     98.02      0.00      1.98      0.00      0.00      0.00
07:56:57        all     98.00      0.00      2.00      0.00      0.00      0.00
07:56:58        all    100.00      0.00      0.00      0.00      0.00      0.00
07:56:59        all     98.02      0.00      1.98      0.00      0.00      0.00
07:57:00        all    100.00      0.00      0.00      0.00      0.00      0.00
07:57:01        all     99.00      0.00      1.00      0.00      0.00      0.00
07:57:02        all     99.00      0.00      1.00      0.00      0.00      0.00
07:57:03        all     99.00      0.00      1.00      0.00      0.00      0.00
07:57:04        all     99.00      0.00      1.00      0.00      0.00      0.00
07:57:05        all     97.00      0.00      3.00      0.00      0.00      0.00
07:57:06        all    100.00      0.00      0.00      0.00      0.00      0.00
07:57:07        all     99.01      0.00      0.99      0.00      0.00      0.00
07:57:08        all     98.00      0.00      2.00      0.00      0.00      0.00
07:57:09        all     99.01      0.00      0.99      0.00      0.00      0.00
07:57:10        all    100.00      0.00      0.00      0.00      0.00      0.00
07:57:11        all    100.00      0.00      0.00      0.00      0.00      0.00
07:57:12        all    100.00      0.00      0.00      0.00      0.00      0.00
07:57:13        all     98.00      0.00      2.00      0.00      0.00      0.00
07:57:14        all     98.99      0.00      1.01      0.00      0.00      0.00
07:57:15        all     98.02      0.00      1.98      0.00      0.00      0.00
07:57:16        all     98.00      0.00      2.00      0.00      0.00      0.00
07:57:17        all     99.00      0.00      1.00      0.00      0.00      0.00
07:57:18        all    100.00      0.00      0.00      0.00      0.00      0.00
07:57:19        all     98.02      0.00      1.98      0.00      0.00      0.00
07:57:20        all     99.00      0.00      1.00      0.00      0.00      0.00
07:57:21        all     99.00      0.00      1.00      0.00      0.00      0.00
07:57:22        all     98.99      0.00      1.01      0.00      0.00      0.00
07:57:23        all     99.00      0.00      1.00      0.00      0.00      0.00
07:57:24        all     98.02      0.00      1.98      0.00      0.00      0.00
07:57:25        all    100.00      0.00      0.00      0.00      0.00      0.00
07:57:26        all     99.00      0.00      1.00      0.00      0.00      0.00
07:57:27        all     99.00      0.00      1.00      0.00      0.00      0.00
07:57:28        all    100.00      0.00      0.00      0.00      0.00      0.00
07:57:29        all     99.01      0.00      0.99      0.00      0.00      0.00
07:57:30        all     99.00      0.00      1.00      0.00      0.00      0.00
07:57:31        all    100.00      0.00      0.00      0.00      0.00      0.00
07:57:32        all     99.01      0.00      0.99      0.00      0.00      0.00
07:57:33        all    100.00      0.00      0.00      0.00      0.00      0.00
07:57:34        all     99.00      0.00      1.00      0.00      0.00      0.00
07:57:35        all    100.00      0.00      0.00      0.00      0.00      0.00
07:57:36        all     99.00      0.00      1.00      0.00      0.00      0.00
07:57:37        all     99.01      0.00      0.99      0.00      0.00      0.00
07:57:38        all    100.00      0.00      0.00      0.00      0.00      0.00
07:57:39        all    100.00      0.00      0.00      0.00      0.00      0.00
07:57:40        all     99.00      0.00      1.00      0.00      0.00      0.00
07:57:41        all     99.00      0.00      1.00      0.00      0.00      0.00
07:57:42        all     99.00      0.00      1.00      0.00      0.00      0.00
07:57:43        all     99.01      0.00      0.99      0.00      0.00      0.00
07:57:44        all    100.00      0.00      0.00      0.00      0.00      0.00
07:57:45        all    100.00      0.00      0.00      0.00      0.00      0.00
07:57:46        all     99.00      0.00      1.00      0.00      0.00      0.00
07:57:47        all     98.00      0.00      2.00      0.00      0.00      0.00
07:57:48        all    100.00      0.00      0.00      0.00      0.00      0.00
07:57:49        all     99.01      0.00      0.99      0.00      0.00      0.00
07:57:50        all     99.00      0.00      1.00      0.00      0.00      0.00
07:57:51        all    100.00      0.00      0.00      0.00      0.00      0.00
07:57:52        all    100.00      0.00      0.00      0.00      0.00      0.00
07:57:53        all    100.00      0.00      0.00      0.00      0.00      0.00
07:57:54        all    100.00      0.00      0.00      0.00      0.00      0.00
07:57:55        all    100.00      0.00      0.00      0.00      0.00      0.00
07:57:56        all     99.00      0.00      1.00      0.00      0.00      0.00
07:57:57        all     99.00      0.00      1.00      0.00      0.00      0.00
07:57:58        all     98.02      0.00      1.98      0.00      0.00      0.00
07:57:59        all    100.00      0.00      0.00      0.00      0.00      0.00
07:58:00        all     99.01      0.00      0.99      0.00      0.00      0.00
07:58:01        all     97.98      0.00      2.02      0.00      0.00      0.00
07:58:02        all     97.00      0.00      3.00      0.00      0.00      0.00
07:58:03        all     99.01      0.00      0.99      0.00      0.00      0.00
07:58:04        all     98.00      0.00      2.00      0.00      0.00      0.00
07:58:05        all    100.00      0.00      0.00      0.00      0.00      0.00
07:58:06        all     99.00      0.00      1.00      0.00      0.00      0.00
07:58:07        all     99.00      0.00      1.00      0.00      0.00      0.00
07:58:08        all     98.02      0.00      1.98      0.00      0.00      0.00
07:58:09        all    100.00      0.00      0.00      0.00      0.00      0.00
07:58:10        all    100.00      0.00      0.00      0.00      0.00      0.00
07:58:11        all     99.00      0.00      1.00      0.00      0.00      0.00
07:58:12        all     99.01      0.00      0.99      0.00      0.00      0.00
07:58:13        all     97.98      0.00      2.02      0.00      0.00      0.00
07:58:14        all     96.00      0.00      4.00      0.00      0.00      0.00
07:58:15        all     96.00      0.00      4.00      0.00      0.00      0.00
07:58:16        all     96.00      0.00      4.00      0.00      0.00      0.00
07:58:17        all     98.02      0.00      1.98      0.00      0.00      0.00
07:58:18        all     98.99      0.00      1.01      0.00      0.00      0.00
07:58:19        all    100.00      0.00      0.00      0.00      0.00      0.00
07:58:20        all     98.02      0.00      1.98      0.00      0.00      0.00
07:58:21        all     98.00      0.00      2.00      0.00      0.00      0.00
07:58:22        all     98.99      0.00      1.01      0.00      0.00      0.00
07:58:23        all     99.00      0.00      1.00      0.00      0.00      0.00
07:58:24        all     99.01      0.00      0.99      0.00      0.00      0.00
07:58:25        all     98.00      0.00      2.00      0.00      0.00      0.00
07:58:26        all     99.00      0.00      1.00      0.00      0.00      0.00
07:58:27        all    100.00      0.00      0.00      0.00      0.00      0.00
07:58:28        all     99.01      0.00      0.99      0.00      0.00      0.00
07:58:29        all     98.00      0.00      2.00      0.00      0.00      0.00
07:58:30        all     99.00      0.00      1.00      0.00      0.00      0.00
07:58:31        all     99.00      0.00      1.00      0.00      0.00      0.00
07:58:32        all     98.99      0.00      1.01      0.00      0.00      0.00
07:58:33        all     96.00      0.00      4.00      0.00      0.00      0.00
07:58:34        all     98.02      0.00      1.98      0.00      0.00      0.00
07:58:35        all    100.00      0.00      0.00      0.00      0.00      0.00
07:58:36        all     99.00      0.00      1.00      0.00      0.00      0.00
07:58:37        all     99.00      0.00      1.00      0.00      0.00      0.00
07:58:38        all     99.01      0.00      0.99      0.00      0.00      0.00
07:58:39        all    100.00      0.00      0.00      0.00      0.00      0.00
07:58:40        all     98.02      0.00      1.98      0.00      0.00      0.00
07:58:41        all     99.00      0.00      1.00      0.00      0.00      0.00
07:58:42        all    100.00      0.00      0.00      0.00      0.00      0.00
07:58:43        all     99.00      0.00      1.00      0.00      0.00      0.00
07:58:44        all     99.00      0.00      1.00      0.00      0.00      0.00
07:58:45        all     99.01      0.00      0.99      0.00      0.00      0.00
07:58:46        all    100.00      0.00      0.00      0.00      0.00      0.00
07:58:47        all    100.00      0.00      0.00      0.00      0.00      0.00
07:58:48        all     99.00      0.00      1.00      0.00      0.00      0.00
07:58:49        all     99.00      0.00      1.00      0.00      0.00      0.00
07:58:50        all    100.00      0.00      0.00      0.00      0.00      0.00
07:58:51        all    100.00      0.00      0.00      0.00      0.00      0.00
07:58:52        all     98.02      0.00      1.98      0.00      0.00      0.00
07:58:53        all    100.00      0.00      0.00      0.00      0.00      0.00
07:58:54        all    100.00      0.00      0.00      0.00      0.00      0.00
07:58:55        all     99.00      0.00      1.00      0.00      0.00      0.00
07:58:56        all     99.01      0.00      0.99      0.00      0.00      0.00
07:58:57        all     99.00      0.00      1.00      0.00      0.00      0.00
07:58:58        all     99.00      0.00      1.00      0.00      0.00      0.00
07:58:59        all     98.00      0.00      2.00      0.00      0.00      0.00
07:59:00        all    100.00      0.00      0.00      0.00      0.00      0.00
07:59:01        all     99.01      0.00      0.99      0.00      0.00      0.00
07:59:02        all    100.00      0.00      0.00      0.00      0.00      0.00
07:59:03        all    100.00      0.00      0.00      0.00      0.00      0.00
07:59:04        all    100.00      0.00      0.00      0.00      0.00      0.00
07:59:05        all     98.00      0.00      2.00      0.00      0.00      0.00
07:59:06        all    100.00      0.00      0.00      0.00      0.00      0.00
07:59:07        all     98.02      0.00      1.98      0.00      0.00      0.00
07:59:08        all     99.00      0.00      1.00      0.00      0.00      0.00
07:59:09        all     98.99      0.00      1.01      0.00      0.00      0.00
07:59:10        all     99.00      0.00      1.00      0.00      0.00      0.00
07:59:11        all    100.00      0.00      0.00      0.00      0.00      0.00
07:59:12        all    100.00      0.00      0.00      0.00      0.00      0.00
07:59:13        all     97.03      0.00      2.97      0.00      0.00      0.00
07:59:14        all    100.00      0.00      0.00      0.00      0.00      0.00
07:59:15        all     98.00      0.00      2.00      0.00      0.00      0.00
07:59:16        all     99.00      0.00      1.00      0.00      0.00      0.00
07:59:17        all    100.00      0.00      0.00      0.00      0.00      0.00
07:59:18        all     99.00      0.00      1.00      0.00      0.00      0.00
07:59:19        all     99.00      0.00      1.00      0.00      0.00      0.00
07:59:20        all     98.00      0.00      2.00      0.00      0.00      0.00
07:59:21        all    100.00      0.00      0.00      0.00      0.00      0.00
07:59:22        all     98.00      0.00      2.00      0.00      0.00      0.00
07:59:23        all    100.00      0.00      0.00      0.00      0.00      0.00
07:59:24        all    100.00      0.00      0.00      0.00      0.00      0.00
07:59:25        all    100.00      0.00      0.00      0.00      0.00      0.00
07:59:26        all     98.00      0.00      2.00      0.00      0.00      0.00
07:59:27        all    100.00      0.00      0.00      0.00      0.00      0.00
07:59:28        all     98.02      0.00      1.98      0.00      0.00      0.00
07:59:29        all     99.00      0.00      1.00      0.00      0.00      0.00
07:59:30        all     95.00      0.00      5.00      0.00      0.00      0.00
07:59:31        all     93.07      0.00      6.93      0.00      0.00      0.00
07:59:32        all     97.98      0.00      2.02      0.00      0.00      0.00
07:59:33        all     98.02      0.00      1.98      0.00      0.00      0.00
07:59:34        all     97.98      0.00      2.02      0.00      0.00      0.00
07:59:35        all     99.01      0.00      0.99      0.00      0.00      0.00
07:59:36        all     99.00      0.00      1.00      0.00      0.00      0.00
07:59:37        all    100.00      0.00      0.00      0.00      0.00      0.00
07:59:38        all     98.02      0.00      1.98      0.00      0.00      0.00
07:59:39        all     98.00      0.00      2.00      0.00      0.00      0.00
07:59:40        all     98.99      0.00      1.01      0.00      0.00      0.00
07:59:41        all    100.00      0.00      0.00      0.00      0.00      0.00
07:59:42        all     99.01      0.00      0.99      0.00      0.00      0.00
07:59:43        all     98.00      0.00      2.00      0.00      0.00      0.00
07:59:44        all    100.00      0.00      0.00      0.00      0.00      0.00
07:59:45        all     98.00      0.00      2.00      0.00      0.00      0.00
07:59:46        all    100.00      0.00      0.00      0.00      0.00      0.00
07:59:47        all     99.00      0.00      1.00      0.00      0.00      0.00
07:59:48        all    100.00      0.00      0.00      0.00      0.00      0.00
07:59:49        all     99.00      0.00      1.00      0.00      0.00      0.00
07:59:50        all     99.00      0.00      1.00      0.00      0.00      0.00
07:59:51        all     99.01      0.00      0.99      0.00      0.00      0.00
07:59:52        all    100.00      0.00      0.00      0.00      0.00      0.00
07:59:53        all    100.00      0.00      0.00      0.00      0.00      0.00
07:59:54        all     99.00      0.00      1.00      0.00      0.00      0.00
07:59:55        all     98.02      0.00      1.98      0.00      0.00      0.00
07:59:56        all    100.00      0.00      0.00      0.00      0.00      0.00
07:59:57        all    100.00      0.00      0.00      0.00      0.00      0.00
07:59:58        all    100.00      0.00      0.00      0.00      0.00      0.00
07:59:59        all    100.00      0.00      0.00      0.00      0.00      0.00
08:00:00        all     99.01      0.00      0.99      0.00      0.00      0.00
08:00:01        all    100.00      0.00      0.00      0.00      0.00      0.00
08:00:02        all     98.00      0.00      2.00      0.00      0.00      0.00
08:00:03        all     98.02      0.00      1.98      0.00      0.00      0.00
08:00:04        all    100.00      0.00      0.00      0.00      0.00      0.00
08:00:05        all    100.00      0.00      0.00      0.00      0.00      0.00
08:00:06        all     99.01      0.00      0.99      0.00      0.00      0.00
08:00:07        all    100.00      0.00      0.00      0.00      0.00      0.00
08:00:08        all     99.00      0.00      1.00      0.00      0.00      0.00
08:00:09        all     98.99      0.00      1.01      0.00      0.00      0.00
08:00:10        all    100.00      0.00      0.00      0.00      0.00      0.00
08:00:11        all     99.01      0.00      0.99      0.00      0.00      0.00
08:00:12        all    100.00      0.00      0.00      0.00      0.00      0.00
08:00:13        all    100.00      0.00      0.00      0.00      0.00      0.00
08:00:14        all    100.00      0.00      0.00      0.00      0.00      0.00
08:00:15        all     99.00      0.00      1.00      0.00      0.00      0.00
08:00:16        all    100.00      0.00      0.00      0.00      0.00      0.00
08:00:17        all     98.99      0.00      1.01      0.00      0.00      0.00
08:00:18        all     99.01      0.00      0.99      0.00      0.00      0.00
08:00:19        all     99.00      0.00      1.00      0.00      0.00      0.00
08:00:20        all     99.00      0.00      1.00      0.00      0.00      0.00
08:00:21        all     98.00      0.00      2.00      0.00      0.00      0.00
08:00:22        all     96.00      0.00      4.00      0.00      0.00      0.00
08:00:23        all     96.00      0.00      4.00      0.00      0.00      0.00
08:00:24        all    100.00      0.00      0.00      0.00      0.00      0.00
08:00:25        all     98.00      0.00      2.00      0.00      0.00      0.00
08:00:26        all     98.99      0.00      1.01      0.00      0.00      0.00
08:00:27        all     98.02      0.00      1.98      0.00      0.00      0.00
08:00:28        all     99.01      0.00      0.99      0.00      0.00      0.00
08:00:29        all    100.00      0.00      0.00      0.00      0.00      0.00
08:00:30        all     99.01      0.00      0.99      0.00      0.00      0.00
08:00:31        all    100.00      0.00      0.00      0.00      0.00      0.00
08:00:32        all     98.99      0.00      1.01      0.00      0.00      0.00
08:00:33        all    100.00      0.00      0.00      0.00      0.00      0.00
08:00:34        all     99.00      0.00      1.00      0.00      0.00      0.00
08:00:35        all     98.02      0.00      1.98      0.00      0.00      0.00
08:00:36        all     95.96      0.00      4.04      0.00      0.00      0.00
08:00:37        all    100.00      0.00      0.00      0.00      0.00      0.00
08:00:38        all     98.02      0.00      1.98      0.00      0.00      0.00
08:00:39        all     98.99      0.00      1.01      0.00      0.00      0.00
08:00:40        all    100.00      0.00      0.00      0.00      0.00      0.00
08:00:41        all     99.00      0.00      1.00      0.00      0.00      0.00
08:00:42        all     99.00      0.00      1.00      0.00      0.00      0.00
08:00:43        all     98.00      0.00      2.00      0.00      0.00      0.00
08:00:44        all     98.99      0.00      1.01      0.00      0.00      0.00
08:00:45        all    100.00      0.00      0.00      0.00      0.00      0.00
08:00:46        all     99.01      0.00      0.99      0.00      0.00      0.00
08:00:47        all     98.02      0.00      1.98      0.00      0.00      0.00
08:00:48        all    100.00      0.00      0.00      0.00      0.00      0.00
08:00:49        all    100.00      0.00      0.00      0.00      0.00      0.00
08:00:50        all    100.00      0.00      0.00      0.00      0.00      0.00
08:00:51        all     98.00      0.00      2.00      0.00      0.00      0.00
08:00:52        all     99.01      0.00      0.99      0.00      0.00      0.00
08:00:53        all    100.00      0.00      0.00      0.00      0.00      0.00
08:00:54        all     99.00      0.00      1.00      0.00      0.00      0.00
08:00:55        all    100.00      0.00      0.00      0.00      0.00      0.00
08:00:56        all     99.00      0.00      1.00      0.00      0.00      0.00
08:00:57        all     99.00      0.00      1.00      0.00      0.00      0.00
08:00:58        all    100.00      0.00      0.00      0.00      0.00      0.00
08:00:59        all     99.00      0.00      1.00      0.00      0.00      0.00
08:01:00        all     99.00      0.00      1.00      0.00      0.00      0.00
08:01:01        all    100.00      0.00      0.00      0.00      0.00      0.00
08:01:02        all    100.00      0.00      0.00      0.00      0.00      0.00
08:01:03        all     98.00      0.00      2.00      0.00      0.00      0.00
08:01:04        all     99.00      0.00      1.00      0.00      0.00      0.00
08:01:05        all     99.00      0.00      1.00      0.00      0.00      0.00
08:01:06        all     99.00      0.00      1.00      0.00      0.00      0.00
08:01:07        all     98.02      0.00      1.98      0.00      0.00      0.00
08:01:08        all     98.00      0.00      2.00      0.00      0.00      0.00
08:01:09        all    100.00      0.00      0.00      0.00      0.00      0.00
08:01:10        all    100.00      0.00      0.00      0.00      0.00      0.00
08:01:11        all     98.04      0.00      1.96      0.00      0.00      0.00
08:01:12        all    100.00      0.00      0.00      0.00      0.00      0.00
08:01:13        all     99.00      0.00      1.00      0.00      0.00      0.00
08:01:14        all     98.02      0.00      1.98      0.00      0.00      0.00
08:01:15        all     99.00      0.00      1.00      0.00      0.00      0.00
08:01:16        all    100.00      0.00      0.00      0.00      0.00      0.00
08:01:17        all    100.00      0.00      0.00      0.00      0.00      0.00
08:01:18        all    100.00      0.00      0.00      0.00      0.00      0.00
08:01:19        all     99.00      0.00      1.00      0.00      0.00      0.00
08:01:20        all     99.00      0.00      1.00      0.00      0.00      0.00
08:01:21        all    100.00      0.00      0.00      0.00      0.00      0.00
08:01:22        all     98.02      0.00      1.98      0.00      0.00      0.00
08:01:23        all     99.00      0.00      1.00      0.00      0.00      0.00
08:01:24        all    100.00      0.00      0.00      0.00      0.00      0.00
08:01:25        all    100.00      0.00      0.00      0.00      0.00      0.00
08:01:26        all     99.01      0.00      0.99      0.00      0.00      0.00
08:01:27        all     98.99      0.00      1.01      0.00      0.00      0.00
08:01:28        all     98.00      0.00      2.00      0.00      0.00      0.00
08:01:29        all     99.00      0.00      1.00      0.00      0.00      0.00
08:01:30        all     99.00      0.00      1.00      0.00      0.00      0.00
08:01:31        all     98.02      0.00      1.98      0.00      0.00      0.00
08:01:32        all     99.00      0.00      1.00      0.00      0.00      0.00
08:01:33        all     96.97      0.00      3.03      0.00      0.00      0.00
08:01:34        all     98.00      0.00      2.00      0.00      0.00      0.00
08:01:35        all     96.00      0.00      4.00      0.00      0.00      0.00
08:01:36        all     99.00      0.00      1.00      0.00      0.00      0.00
08:01:37        all     88.12      0.00     11.88      0.00      0.00      0.00
08:01:38        all     90.00      0.00     10.00      0.00      0.00      0.00
08:01:39        all    100.00      0.00      0.00      0.00      0.00      0.00
08:01:40        all     98.00      0.00      2.00      0.00      0.00      0.00
08:01:41        all     99.00      0.00      1.00      0.00      0.00      0.00
08:01:42        all    100.00      0.00      0.00      0.00      0.00      0.00
08:01:43        all     99.00      0.00      1.00      0.00      0.00      0.00
08:01:44        all     99.00      0.00      1.00      0.00      0.00      0.00
08:01:45        all     95.96      0.00      4.04      0.00      0.00      0.00
08:01:46        all     97.03      0.00      2.97      0.00      0.00      0.00
08:01:47        all     98.99      0.00      1.01      0.00      0.00      0.00
08:01:48        all     99.00      0.00      1.00      0.00      0.00      0.00
08:01:49        all     98.02      0.00      1.98      0.00      0.00      0.00
08:01:50        all     99.00      0.00      1.00      0.00      0.00      0.00
08:01:51        all    100.00      0.00      0.00      0.00      0.00      0.00
08:01:52        all    100.00      0.00      0.00      0.00      0.00      0.00
08:01:53        all     99.00      0.00      1.00      0.00      0.00      0.00
08:01:54        all     99.00      0.00      1.00      0.00      0.00      0.00
08:01:55        all    100.00      0.00      0.00      0.00      0.00      0.00
08:01:56        all     95.96      0.00      4.04      0.00      0.00      0.00
08:01:57        all    100.00      0.00      0.00      0.00      0.00      0.00
08:01:58        all     98.00      0.00      2.00      0.00      0.00      0.00
08:01:59        all     98.02      0.00      1.98      0.00      0.00      0.00
08:02:00        all     99.00      0.00      1.00      0.00      0.00      0.00
08:02:01        all    100.00      0.00      0.00      0.00      0.00      0.00
08:02:02        all     99.00      0.00      1.00      0.00      0.00      0.00
08:02:03        all     99.00      0.00      1.00      0.00      0.00      0.00
08:02:04        all     98.02      0.00      1.98      0.00      0.00      0.00
08:02:05        all     98.99      0.00      1.01      0.00      0.00      0.00
08:02:06        all     99.01      0.00      0.99      0.00      0.00      0.00
08:02:07        all    100.00      0.00      0.00      0.00      0.00      0.00
08:02:08        all     99.00      0.00      1.00      0.00      0.00      0.00
08:02:09        all     99.01      0.00      0.99      0.00      0.00      0.00
08:02:10        all    100.00      0.00      0.00      0.00      0.00      0.00
08:02:11        all     98.99      0.00      1.01      0.00      0.00      0.00
08:02:12        all     99.01      0.00      0.99      0.00      0.00      0.00
08:02:13        all     98.99      0.00      1.01      0.00      0.00      0.00
08:02:14        all    100.00      0.00      0.00      0.00      0.00      0.00
08:02:15        all     97.03      0.00      2.97      0.00      0.00      0.00
08:02:16        all     96.00      0.00      4.00      0.00      0.00      0.00
08:02:17        all     96.00      0.00      4.00      0.00      0.00      0.00
08:02:18        all     98.00      0.00      2.00      0.00      0.00      0.00
08:02:19        all    100.00      0.00      0.00      0.00      0.00      0.00
08:02:20        all    100.00      0.00      0.00      0.00      0.00      0.00
08:02:21        all     99.00      0.00      1.00      0.00      0.00      0.00
08:02:22        all    100.00      0.00      0.00      0.00      0.00      0.00
08:02:23        all     99.00      0.00      1.00      0.00      0.00      0.00
08:02:24        all     99.00      0.00      1.00      0.00      0.00      0.00
08:02:25        all     98.99      0.00      1.01      0.00      0.00      0.00
08:02:26        all     96.04      0.00      3.96      0.00      0.00      0.00
08:02:27        all     99.00      0.00      1.00      0.00      0.00      0.00
08:02:28        all    100.00      0.00      0.00      0.00      0.00      0.00
08:02:29        all    100.00      0.00      0.00      0.00      0.00      0.00
08:02:30        all     98.02      0.00      1.98      0.00      0.00      0.00
08:02:31        all    100.00      0.00      0.00      0.00      0.00      0.00
08:02:32        all     99.00      0.00      1.00      0.00      0.00      0.00
08:02:33        all    100.00      0.00      0.00      0.00      0.00      0.00
08:02:34        all    100.00      0.00      0.00      0.00      0.00      0.00
08:02:35        all    100.00      0.00      0.00      0.00      0.00      0.00
08:02:36        all    100.00      0.00      0.00      0.00      0.00      0.00
08:02:37        all     99.00      0.00      1.00      0.00      0.00      0.00
08:02:38        all     99.00      0.00      1.00      0.00      0.00      0.00
08:02:39        all    100.00      0.00      0.00      0.00      0.00      0.00
08:02:40        all     95.00      0.00      5.00      0.00      0.00      0.00
08:02:41        all     98.02      0.00      1.98      0.00      0.00      0.00
08:02:42        all     98.99      0.00      1.01      0.00      0.00      0.00
08:02:43        all     97.03      0.00      2.97      0.00      0.00      0.00
08:02:44        all    100.00      0.00      0.00      0.00      0.00      0.00
08:02:45        all    100.00      0.00      0.00      0.00      0.00      0.00
08:02:46        all     93.07      0.00      6.93      0.00      0.00      0.00
08:02:47        all    100.00      0.00      0.00      0.00      0.00      0.00
08:02:48        all    100.00      0.00      0.00      0.00      0.00      0.00
08:02:49        all     99.01      0.00      0.99      0.00      0.00      0.00
08:02:50        all     98.99      0.00      1.01      0.00      0.00      0.00
08:02:51        all     98.00      0.00      2.00      0.00      0.00      0.00
08:02:52        all     98.02      0.00      1.98      0.00      0.00      0.00
08:02:53        all     97.00      0.00      3.00      0.00      0.00      0.00
08:02:54        all    100.00      0.00      0.00      0.00      0.00      0.00
08:02:55        all     99.00      0.00      1.00      0.00      0.00      0.00
08:02:56        all     97.03      0.00      2.97      0.00      0.00      0.00
08:02:57        all    100.00      0.00      0.00      0.00      0.00      0.00
08:02:58        all    100.00      0.00      0.00      0.00      0.00      0.00
08:02:59        all     97.03      0.00      2.97      0.00      0.00      0.00
08:03:00        all     99.00      0.00      1.00      0.00      0.00      0.00
08:03:01        all     99.00      0.00      1.00      0.00      0.00      0.00
08:03:02        all     99.00      0.00      1.00      0.00      0.00      0.00
08:03:03        all     99.00      0.00      1.00      0.00      0.00      0.00
08:03:04        all    100.00      0.00      0.00      0.00      0.00      0.00
08:03:05        all     99.00      0.00      1.00      0.00      0.00      0.00
08:03:06        all     99.00      0.00      1.00      0.00      0.00      0.00
08:03:07        all     97.98      0.00      2.02      0.00      0.00      0.00
08:03:08        all     99.01      0.00      0.99      0.00      0.00      0.00
08:03:09        all    100.00      0.00      0.00      0.00      0.00      0.00
08:03:10        all    100.00      0.00      0.00      0.00      0.00      0.00
08:03:11        all     99.01      0.00      0.99      0.00      0.00      0.00
08:03:12        all     98.99      0.00      1.01      0.00      0.00      0.00
08:03:13        all     99.00      0.00      1.00      0.00      0.00      0.00
08:03:14        all     94.06      0.00      5.94      0.00      0.00      0.00
08:03:15        all    100.00      0.00      0.00      0.00      0.00      0.00
08:03:16        all     99.00      0.00      1.00      0.00      0.00      0.00
08:03:17        all     99.01      0.00      0.99      0.00      0.00      0.00
08:03:18        all    100.00      0.00      0.00      0.00      0.00      0.00
08:03:19        all     98.02      0.00      1.98      0.00      0.00      0.00
08:03:20        all     98.99      0.00      1.01      0.00      0.00      0.00
08:03:21        all     99.01      0.00      0.99      0.00      0.00      0.00
08:03:22        all     95.00      0.00      5.00      0.00      0.00      0.00
08:03:23        all    100.00      0.00      0.00      0.00      0.00      0.00
08:03:24        all    100.00      0.00      0.00      0.00      0.00      0.00
08:03:25        all     98.02      0.00      1.98      0.00      0.00      0.00
08:03:26        all     98.99      0.00      1.01      0.00      0.00      0.00
08:03:27        all    100.00      0.00      0.00      0.00      0.00      0.00
08:03:28        all     99.00      0.00      1.00      0.00      0.00      0.00
08:03:29        all     98.04      0.00      1.96      0.00      0.00      0.00
08:03:30        all    100.00      0.00      0.00      0.00      0.00      0.00
08:03:31        all     98.00      0.00      2.00      0.00      0.00      0.00
08:03:32        all     99.00      0.00      1.00      0.00      0.00      0.00
08:03:33        all    100.00      0.00      0.00      0.00      0.00      0.00
08:03:34        all     95.05      0.00      4.95      0.00      0.00      0.00
08:03:35        all    100.00      0.00      0.00      0.00      0.00      0.00
08:03:36        all    100.00      0.00      0.00      0.00      0.00      0.00
08:03:37        all    100.00      0.00      0.00      0.00      0.00      0.00
08:03:38        all     99.00      0.00      1.00      0.00      0.00      0.00
08:03:39        all     99.00      0.00      1.00      0.00      0.00      0.00
08:03:40        all     99.00      0.00      1.00      0.00      0.00      0.00
08:03:41        all     90.00      0.00      0.00      0.00      0.00     10.00
08:03:42        all     99.00      0.00      1.00      0.00      0.00      0.00
08:03:43        all     99.00      0.00      1.00      0.00      0.00      0.00
08:03:44        all     72.55      0.00      5.88      0.00      0.00     21.57
08:03:45        all     70.41      0.00      7.14      0.00      0.00     22.45
08:03:46        all      0.00      0.00      0.00      2.02      0.00     97.98
08:03:47        all      0.00      0.00      0.00      0.00      0.00    100.00
08:03:48        all      0.99      0.00      0.99      0.00      0.00     98.02
08:03:49        all      0.00      0.00      0.00      0.00      0.00    100.00
08:03:50        all      0.98      0.00      0.98      1.96      0.00     96.08
08:03:51        all      0.00      0.00      0.00      0.00      0.00    100.00
08:03:52        all      1.00      0.00      0.00      0.00      0.00     99.00
08:03:53        all     21.00      0.00      3.00      0.00      0.00     76.00
08:03:54        all     99.00      0.00      1.00      0.00      0.00      0.00
08:03:55        all     97.00      0.00      3.00      0.00      0.00      0.00
08:03:56        all     97.00      0.00      3.00      0.00      0.00      0.00
08:03:57        all     94.95      0.00      5.05      0.00      0.00      0.00
08:03:58        all     97.03      0.00      2.97      0.00      0.00      0.00
08:03:59        all     99.00      0.00      1.00      0.00      0.00      0.00
08:04:00        all     99.00      0.00      1.00      0.00      0.00      0.00
08:04:01        all     98.00      0.00      2.00      0.00      0.00      0.00
08:04:02        all     99.00      0.00      1.00      0.00      0.00      0.00
08:04:03        all    100.00      0.00      0.00      0.00      0.00      0.00
08:04:04        all    100.00      0.00      0.00      0.00      0.00      0.00
08:04:05        all     99.01      0.00      0.99      0.00      0.00      0.00
08:04:06        all     98.00      0.00      2.00      0.00      0.00      0.00
08:04:07        all    100.00      0.00      0.00      0.00      0.00      0.00
08:04:08        all     98.00      0.00      2.00      0.00      0.00      0.00
08:04:09        all    100.00      0.00      0.00      0.00      0.00      0.00
08:04:10        all     98.00      0.00      2.00      0.00      0.00      0.00
08:04:11        all    100.00      0.00      0.00      0.00      0.00      0.00
08:04:12        all     99.00      0.00      1.00      0.00      0.00      0.00
08:04:13        all     99.00      0.00      1.00      0.00      0.00      0.00
08:04:14        all     98.00      0.00      2.00      0.00      0.00      0.00
08:04:15        all     99.00      0.00      1.00      0.00      0.00      0.00
08:04:16        all     99.00      0.00      1.00      0.00      0.00      0.00
08:04:17        all    100.00      0.00      0.00      0.00      0.00      0.00
08:04:18        all     99.00      0.00      1.00      0.00      0.00      0.00
08:04:19        all    100.00      0.00      0.00      0.00      0.00      0.00
08:04:20        all     99.00      0.00      1.00      0.00      0.00      0.00
08:04:21        all     99.00      0.00      1.00      0.00      0.00      0.00
08:04:22        all     98.00      0.00      2.00      0.00      0.00      0.00
08:04:23        all     99.00      0.00      1.00      0.00      0.00      0.00
08:04:24        all     99.00      0.00      1.00      0.00      0.00      0.00
08:04:25        all    100.00      0.00      0.00      0.00      0.00      0.00
08:04:26        all     97.03      0.00      2.97      0.00      0.00      0.00
08:04:27        all    100.00      0.00      0.00      0.00      0.00      0.00
08:04:28        all     99.01      0.00      0.99      0.00      0.00      0.00
08:04:29        all    100.00      0.00      0.00      0.00      0.00      0.00
08:04:30        all    100.00      0.00      0.00      0.00      0.00      0.00
08:04:31        all     98.02      0.00      1.98      0.00      0.00      0.00
08:04:32        all    100.00      0.00      0.00      0.00      0.00      0.00
08:04:33        all    100.00      0.00      0.00      0.00      0.00      0.00
08:04:34        all     99.00      0.00      1.00      0.00      0.00      0.00
08:04:35        all    100.00      0.00      0.00      0.00      0.00      0.00
08:04:36        all     99.00      0.00      1.00      0.00      0.00      0.00
08:04:37        all     98.02      0.00      1.98      0.00      0.00      0.00
08:04:38        all     99.00      0.00      1.00      0.00      0.00      0.00
08:04:39        all     99.00      0.00      1.00      0.00      0.00      0.00
08:04:40        all    100.00      0.00      0.00      0.00      0.00      0.00
08:04:41        all     99.00      0.00      1.00      0.00      0.00      0.00
08:04:42        all     98.00      0.00      2.00      0.00      0.00      0.00
08:04:43        all    100.00      0.00      0.00      0.00      0.00      0.00
08:04:44        all     99.01      0.00      0.99      0.00      0.00      0.00
08:04:45        all     98.99      0.00      1.01      0.00      0.00      0.00
08:04:46        all     99.01      0.00      0.99      0.00      0.00      0.00
08:04:47        all     96.00      0.00      4.00      0.00      0.00      0.00
08:04:48        all     99.00      0.00      1.00      0.00      0.00      0.00
08:04:49        all     99.00      0.00      1.00      0.00      0.00      0.00
08:04:50        all    100.00      0.00      0.00      0.00      0.00      0.00
08:04:51        all     99.00      0.00      1.00      0.00      0.00      0.00
08:04:52        all     97.00      0.00      3.00      0.00      0.00      0.00
08:04:53        all     98.00      0.00      2.00      0.00      0.00      0.00
08:04:54        all     97.00      0.00      3.00      0.00      0.00      0.00
08:04:55        all     99.00      0.00      1.00      0.00      0.00      0.00
08:04:56        all     98.99      0.00      1.01      0.00      0.00      0.00
08:04:57        all     96.04      0.00      3.96      0.00      0.00      0.00
08:04:58        all     99.00      0.00      1.00      0.00      0.00      0.00
08:04:59        all     97.00      0.00      3.00      0.00      0.00      0.00
08:05:00        all     97.00      0.00      3.00      0.00      0.00      0.00
08:05:01        all     96.97      0.00      3.03      0.00      0.00      0.00
08:05:02        all     95.05      0.00      4.95      0.00      0.00      0.00
08:05:03        all     94.06      0.00      5.94      0.00      0.00      0.00
08:05:04        all     95.96      0.00      4.04      0.00      0.00      0.00
08:05:05        all     96.00      0.00      4.00      0.00      0.00      0.00
08:05:06        all     97.00      0.00      3.00      0.00      0.00      0.00
08:05:07        all     99.00      0.00      1.00      0.00      0.00      0.00
08:05:08        all     98.00      0.00      2.00      0.00      0.00      0.00
08:05:09        all    100.00      0.00      0.00      0.00      0.00      0.00
08:05:10        all     96.00      0.00      4.00      0.00      0.00      0.00
08:05:11        all     96.00      0.00      4.00      0.00      0.00      0.00
08:05:12        all     97.03      0.00      2.97      0.00      0.00      0.00
08:05:13        all    100.00      0.00      0.00      0.00      0.00      0.00
08:05:14        all     99.00      0.00      1.00      0.00      0.00      0.00
08:05:15        all     96.00      0.00      4.00      0.00      0.00      0.00
08:05:16        all     95.00      0.00      5.00      0.00      0.00      0.00
08:05:17        all     95.00      0.00      5.00      0.00      0.00      0.00
08:05:18        all     96.00      0.00      4.00      0.00      0.00      0.00
08:05:19        all     94.00      0.00      6.00      0.00      0.00      0.00
08:05:20        all     95.05      0.00      4.95      0.00      0.00      0.00
08:05:21        all     98.99      0.00      1.01      0.00      0.00      0.00
08:05:22        all     98.00      0.00      2.00      0.00      0.00      0.00
08:05:23        all     97.98      0.00      2.02      0.00      0.00      0.00
08:05:24        all     99.00      0.00      1.00      0.00      0.00      0.00
08:05:25        all     99.01      0.00      0.99      0.00      0.00      0.00
08:05:26        all     99.00      0.00      1.00      0.00      0.00      0.00
08:05:27        all     99.00      0.00      1.00      0.00      0.00      0.00
08:05:28        all     99.00      0.00      1.00      0.00      0.00      0.00
08:05:29        all     99.00      0.00      1.00      0.00      0.00      0.00
08:05:30        all     98.00      0.00      2.00      0.00      0.00      0.00
08:05:31        all     99.00      0.00      1.00      0.00      0.00      0.00
08:05:32        all    100.00      0.00      0.00      0.00      0.00      0.00
08:05:33        all     99.00      0.00      1.00      0.00      0.00      0.00
08:05:34        all     99.00      0.00      1.00      0.00      0.00      0.00
08:05:35        all    100.00      0.00      0.00      0.00      0.00      0.00
08:05:36        all     97.06      0.00      2.94      0.00      0.00      0.00
08:05:37        all     97.00      0.00      3.00      0.00      0.00      0.00
08:05:38        all     98.99      0.00      1.01      0.00      0.00      0.00
08:05:39        all    100.00      0.00      0.00      0.00      0.00      0.00
08:05:40        all     98.02      0.00      1.98      0.00      0.00      0.00
08:05:41        all     98.99      0.00      1.01      0.00      0.00      0.00
08:05:42        all     97.00      0.00      3.00      0.00      0.00      0.00
08:05:43        all     99.00      0.00      1.00      0.00      0.00      0.00
08:05:44        all     99.00      0.00      1.00      0.00      0.00      0.00
08:05:45        all     98.99      0.00      1.01      0.00      0.00      0.00
08:05:46        all     99.01      0.00      0.99      0.00      0.00      0.00
08:05:47        all     98.99      0.00      1.01      0.00      0.00      0.00
08:05:48        all     99.01      0.00      0.99      0.00      0.00      0.00
08:05:49        all    100.00      0.00      0.00      0.00      0.00      0.00
08:05:50        all     95.05      0.00      1.98      0.00      0.00      2.97
08:05:51        all     92.00      0.00      1.00      0.00      0.00      7.00
08:05:52        all     76.00      0.00      3.00      0.00      0.00     21.00
08:05:53        all      0.00      0.00      0.00      0.00      0.00    100.00
08:05:54        all      0.00      0.00      0.00      0.00      0.00    100.00
08:05:55        all      0.00      0.00      0.00      0.00      0.00    100.00
08:05:56        all      1.00      0.00      0.00      0.00      0.00     99.00
08:05:57        all      0.99      0.00      0.99      0.00      0.00     98.02
08:05:58        all      0.00      0.00      0.00      0.00      0.00    100.00
08:05:59        all      0.00      0.00      0.00      0.00      0.00    100.00
08:06:00        all     21.78      0.00      0.99      0.00      0.00     77.23
08:06:01        all     97.00      0.00      3.00      0.00      0.00      0.00
08:06:02        all     97.03      0.00      2.97      0.00      0.00      0.00
08:06:03        all     96.97      0.00      3.03      0.00      0.00      0.00
08:06:04        all     97.00      0.00      3.00      0.00      0.00      0.00
08:06:05        all     96.00      0.00      4.00      0.00      0.00      0.00
08:06:06        all     95.00      0.00      5.00      0.00      0.00      0.00
08:06:07        all     97.00      0.00      3.00      0.00      0.00      0.00
08:06:08        all     98.00      0.00      2.00      0.00      0.00      0.00
08:06:09        all     97.00      0.00      3.00      0.00      0.00      0.00
08:06:10        all     99.00      0.00      1.00      0.00      0.00      0.00
08:06:11        all     99.00      0.00      1.00      0.00      0.00      0.00
08:06:12        all     98.02      0.00      1.98      0.00      0.00      0.00
08:06:13        all     98.99      0.00      1.01      0.00      0.00      0.00
08:06:14        all     99.01      0.00      0.99      0.00      0.00      0.00
08:06:15        all     99.00      0.00      1.00      0.00      0.00      0.00
08:06:16        all     99.00      0.00      1.00      0.00      0.00      0.00
08:06:17        all    100.00      0.00      0.00      0.00      0.00      0.00
08:06:18        all     99.00      0.00      1.00      0.00      0.00      0.00
08:06:19        all    100.00      0.00      0.00      0.00      0.00      0.00
08:06:20        all     98.02      0.00      1.98      0.00      0.00      0.00
08:06:21        all    100.00      0.00      0.00      0.00      0.00      0.00
08:06:22        all     98.02      0.00      1.98      0.00      0.00      0.00
08:06:23        all     99.00      0.00      1.00      0.00      0.00      0.00
08:06:24        all     98.00      0.00      2.00      0.00      0.00      0.00
08:06:25        all     99.01      0.00      0.99      0.00      0.00      0.00
08:06:26        all     98.99      0.00      1.01      0.00      0.00      0.00
08:06:27        all    100.00      0.00      0.00      0.00      0.00      0.00
08:06:28        all    100.00      0.00      0.00      0.00      0.00      0.00
08:06:29        all     98.99      0.00      1.01      0.00      0.00      0.00
08:06:30        all     99.00      0.00      1.00      0.00      0.00      0.00
08:06:31        all     98.02      0.00      1.98      0.00      0.00      0.00
08:06:32        all    100.00      0.00      0.00      0.00      0.00      0.00
08:06:33        all     99.00      0.00      1.00      0.00      0.00      0.00
08:06:34        all     99.00      0.00      1.00      0.00      0.00      0.00
08:06:35        all     98.00      0.00      2.00      0.00      0.00      0.00
08:06:36        all     99.01      0.00      0.99      0.00      0.00      0.00
08:06:37        all    100.00      0.00      0.00      0.00      0.00      0.00
08:06:38        all    100.00      0.00      0.00      0.00      0.00      0.00
08:06:39        all    100.00      0.00      0.00      0.00      0.00      0.00
08:06:40        all     98.02      0.00      1.98      0.00      0.00      0.00
08:06:41        all     99.00      0.00      1.00      0.00      0.00      0.00
08:06:42        all    100.00      0.00      0.00      0.00      0.00      0.00
08:06:43        all     98.02      0.00      1.98      0.00      0.00      0.00
08:06:44        all     99.01      0.00      0.99      0.00      0.00      0.00
08:06:45        all     97.98      0.00      2.02      0.00      0.00      0.00
08:06:46        all     99.00      0.00      1.00      0.00      0.00      0.00
08:06:47        all     97.98      0.00      2.02      0.00      0.00      0.00
08:06:48        all     99.01      0.00      0.99      0.00      0.00      0.00
08:06:49        all     99.00      0.00      1.00      0.00      0.00      0.00
08:06:50        all    100.00      0.00      0.00      0.00      0.00      0.00
08:06:51        all     99.01      0.00      0.99      0.00      0.00      0.00
08:06:52        all     99.00      0.00      1.00      0.00      0.00      0.00
08:06:53        all    100.00      0.00      0.00      0.00      0.00      0.00
08:06:54        all     99.00      0.00      1.00      0.00      0.00      0.00
08:06:55        all     99.00      0.00      1.00      0.00      0.00      0.00
08:06:56        all    100.00      0.00      0.00      0.00      0.00      0.00
08:06:57        all     99.00      0.00      1.00      0.00      0.00      0.00
08:06:58        all    100.00      0.00      0.00      0.00      0.00      0.00
08:06:59        all     98.02      0.00      1.98      0.00      0.00      0.00
08:07:00        all     99.00      0.00      1.00      0.00      0.00      0.00
08:07:01        all     98.00      0.00      2.00      0.00      0.00      0.00
08:07:02        all     98.99      0.00      1.01      0.00      0.00      0.00
08:07:03        all     98.02      0.00      1.98      0.00      0.00      0.00
08:07:04        all    100.00      0.00      0.00      0.00      0.00      0.00
08:07:05        all     99.00      0.00      1.00      0.00      0.00      0.00
08:07:06        all    100.00      0.00      0.00      0.00      0.00      0.00
08:07:07        all     99.00      0.00      1.00      0.00      0.00      0.00
08:07:08        all     99.00      0.00      1.00      0.00      0.00      0.00
08:07:09        all    100.00      0.00      0.00      0.00      0.00      0.00
08:07:10        all    100.00      0.00      0.00      0.00      0.00      0.00
08:07:11        all     98.99      0.00      1.01      0.00      0.00      0.00
08:07:12        all     98.02      0.00      1.98      0.00      0.00      0.00
08:07:13        all     99.00      0.00      1.00      0.00      0.00      0.00
08:07:14        all    100.00      0.00      0.00      0.00      0.00      0.00
08:07:15        all    100.00      0.00      0.00      0.00      0.00      0.00
08:07:16        all     98.99      0.00      1.01      0.00      0.00      0.00
08:07:17        all     99.01      0.00      0.99      0.00      0.00      0.00
08:07:18        all    100.00      0.00      0.00      0.00      0.00      0.00
08:07:19        all     98.99      0.00      1.01      0.00      0.00      0.00
08:07:20        all     99.01      0.00      0.99      0.00      0.00      0.00
08:07:21        all     99.00      0.00      1.00      0.00      0.00      0.00
08:07:22        all    100.00      0.00      0.00      0.00      0.00      0.00
08:07:23        all     99.01      0.00      0.99      0.00      0.00      0.00
08:07:24        all    100.00      0.00      0.00      0.00      0.00      0.00
08:07:25        all     98.99      0.00      1.01      0.00      0.00      0.00
08:07:26        all     99.01      0.00      0.99      0.00      0.00      0.00
08:07:27        all    100.00      0.00      0.00      0.00      0.00      0.00
08:07:28        all     98.00      0.00      2.00      0.00      0.00      0.00
08:07:29        all     98.00      0.00      2.00      0.00      0.00      0.00
08:07:30        all    100.00      0.00      0.00      0.00      0.00      0.00
08:07:31        all     99.00      0.00      1.00      0.00      0.00      0.00
08:07:32        all     99.00      0.00      1.00      0.00      0.00      0.00
08:07:33        all    100.00      0.00      0.00      0.00      0.00      0.00
08:07:34        all     99.00      0.00      1.00      0.00      0.00      0.00
08:07:35        all     99.01      0.00      0.99      0.00      0.00      0.00
08:07:36        all    100.00      0.00      0.00      0.00      0.00      0.00
08:07:37        all     98.02      0.00      1.98      0.00      0.00      0.00
08:07:38        all     99.01      0.00      0.99      0.00      0.00      0.00
08:07:39        all    100.00      0.00      0.00      0.00      0.00      0.00
08:07:40        all    100.00      0.00      0.00      0.00      0.00      0.00
08:07:41        all     99.01      0.00      0.99      0.00      0.00      0.00
08:07:42        all    100.00      0.00      0.00      0.00      0.00      0.00
08:07:43        all     98.00      0.00      2.00      0.00      0.00      0.00
08:07:44        all    100.00      0.00      0.00      0.00      0.00      0.00
08:07:45        all     98.00      0.00      2.00      0.00      0.00      0.00
08:07:46        all    100.00      0.00      0.00      0.00      0.00      0.00
08:07:47        all    100.00      0.00      0.00      0.00      0.00      0.00
08:07:48        all     99.01      0.00      0.99      0.00      0.00      0.00
08:07:49        all    100.00      0.00      0.00      0.00      0.00      0.00
08:07:50        all    100.00      0.00      0.00      0.00      0.00      0.00
08:07:51        all    100.00      0.00      0.00      0.00      0.00      0.00
08:07:52        all    100.00      0.00      0.00      0.00      0.00      0.00
08:07:53        all     99.01      0.00      0.99      0.00      0.00      0.00
08:07:54        all    100.00      0.00      0.00      0.00      0.00      0.00
08:07:55        all    100.00      0.00      0.00      0.00      0.00      0.00
08:07:56        all    100.00      0.00      0.00      0.00      0.00      0.00
08:07:57        all    100.00      0.00      0.00      0.00      0.00      0.00
08:07:58        all     99.00      0.00      1.00      0.00      0.00      0.00
08:07:59        all     98.02      0.00      1.98      0.00      0.00      0.00
08:08:00        all    100.00      0.00      0.00      0.00      0.00      0.00
08:08:01        all     99.00      0.00      1.00      0.00      0.00      0.00
08:08:02        all     99.00      0.00      1.00      0.00      0.00      0.00
08:08:03        all     99.00      0.00      1.00      0.00      0.00      0.00
08:08:04        all     98.00      0.00      2.00      0.00      0.00      0.00
08:08:05        all    100.00      0.00      0.00      0.00      0.00      0.00
08:08:06        all     99.00      0.00      1.00      0.00      0.00      0.00
08:08:07        all     98.00      0.00      2.00      0.00      0.00      0.00
08:08:08        all     99.00      0.00      1.00      0.00      0.00      0.00
08:08:09        all     99.00      0.00      1.00      0.00      0.00      0.00
08:08:10        all    100.00      0.00      0.00      0.00      0.00      0.00
08:08:11        all     99.01      0.00      0.99      0.00      0.00      0.00
08:08:12        all     99.00      0.00      1.00      0.00      0.00      0.00
08:08:13        all    100.00      0.00      0.00      0.00      0.00      0.00
08:08:14        all     99.00      0.00      1.00      0.00      0.00      0.00
08:08:15        all     99.00      0.00      1.00      0.00      0.00      0.00
08:08:16        all     99.00      0.00      1.00      0.00      0.00      0.00
08:08:17        all     99.00      0.00      1.00      0.00      0.00      0.00
08:08:18        all     99.00      0.00      1.00      0.00      0.00      0.00
08:08:19        all    100.00      0.00      0.00      0.00      0.00      0.00
08:08:20        all     98.02      0.00      1.98      0.00      0.00      0.00
08:08:21        all    100.00      0.00      0.00      0.00      0.00      0.00
08:08:22        all     99.00      0.00      1.00      0.00      0.00      0.00
08:08:23        all    100.00      0.00      0.00      0.00      0.00      0.00
08:08:24        all    100.00      0.00      0.00      0.00      0.00      0.00
08:08:25        all    100.00      0.00      0.00      0.00      0.00      0.00
08:08:26        all     99.00      0.00      1.00      0.00      0.00      0.00
08:08:27        all    100.00      0.00      0.00      0.00      0.00      0.00
08:08:28        all    100.00      0.00      0.00      0.00      0.00      0.00
08:08:29        all     99.00      0.00      1.00      0.00      0.00      0.00
08:08:30        all    100.00      0.00      0.00      0.00      0.00      0.00
08:08:31        all     99.00      0.00      1.00      0.00      0.00      0.00
08:08:32        all     98.00      0.00      2.00      0.00      0.00      0.00
08:08:33        all    100.00      0.00      0.00      0.00      0.00      0.00
08:08:34        all     99.01      0.00      0.99      0.00      0.00      0.00
08:08:35        all     99.00      0.00      1.00      0.00      0.00      0.00
08:08:36        all    100.00      0.00      0.00      0.00      0.00      0.00
08:08:37        all     99.00      0.00      1.00      0.00      0.00      0.00
08:08:38        all     99.00      0.00      1.00      0.00      0.00      0.00
08:08:39        all     99.00      0.00      1.00      0.00      0.00      0.00
08:08:40        all     99.00      0.00      1.00      0.00      0.00      0.00
08:08:41        all     99.00      0.00      1.00      0.00      0.00      0.00
08:08:42        all    100.00      0.00      0.00      0.00      0.00      0.00
08:08:43        all     99.00      0.00      1.00      0.00      0.00      0.00
08:08:44        all    100.00      0.00      0.00      0.00      0.00      0.00
08:08:45        all    100.00      0.00      0.00      0.00      0.00      0.00
08:08:46        all    100.00      0.00      0.00      0.00      0.00      0.00
08:08:47        all     98.02      0.00      1.98      0.00      0.00      0.00
08:08:48        all    100.00      0.00      0.00      0.00      0.00      0.00
08:08:49        all     99.00      0.00      1.00      0.00      0.00      0.00
08:08:50        all    100.00      0.00      0.00      0.00      0.00      0.00
08:08:51        all     99.00      0.00      1.00      0.00      0.00      0.00
08:08:52        all     97.00      0.00      3.00      0.00      0.00      0.00
08:08:53        all     99.00      0.00      1.00      0.00      0.00      0.00
08:08:54        all    100.00      0.00      0.00      0.00      0.00      0.00
08:08:55        all     98.00      0.00      2.00      0.00      0.00      0.00
08:08:56        all     97.00      0.00      3.00      0.00      0.00      0.00
08:08:57        all    100.00      0.00      0.00      0.00      0.00      0.00
08:08:58        all     99.00      0.00      1.00      0.00      0.00      0.00
08:08:59        all    100.00      0.00      0.00      0.00      0.00      0.00
08:09:00        all     99.00      0.00      1.00      0.00      0.00      0.00
08:09:01        all     99.00      0.00      1.00      0.00      0.00      0.00
08:09:02        all     99.01      0.00      0.99      0.00      0.00      0.00
08:09:03        all     98.99      0.00      1.01      0.00      0.00      0.00
08:09:04        all    100.00      0.00      0.00      0.00      0.00      0.00
08:09:05        all     98.99      0.00      1.01      0.00      0.00      0.00
08:09:06        all     99.01      0.00      0.99      0.00      0.00      0.00
08:09:07        all     99.00      0.00      1.00      0.00      0.00      0.00
08:09:08        all     99.00      0.00      1.00      0.00      0.00      0.00
08:09:09        all     99.01      0.00      0.99      0.00      0.00      0.00
08:09:10        all    100.00      0.00      0.00      0.00      0.00      0.00
08:09:11        all     99.00      0.00      1.00      0.00      0.00      0.00
08:09:12        all     99.01      0.00      0.99      0.00      0.00      0.00
08:09:13        all    100.00      0.00      0.00      0.00      0.00      0.00
08:09:14        all     99.00      0.00      1.00      0.00      0.00      0.00
08:09:15        all     99.00      0.00      1.00      0.00      0.00      0.00
08:09:16        all    100.00      0.00      0.00      0.00      0.00      0.00
08:09:17        all    100.00      0.00      0.00      0.00      0.00      0.00
08:09:18        all     98.02      0.00      1.98      0.00      0.00      0.00
08:09:19        all     98.00      0.00      2.00      0.00      0.00      0.00
08:09:20        all     99.00      0.00      1.00      0.00      0.00      0.00
08:09:21        all    100.00      0.00      0.00      0.00      0.00      0.00
08:09:22        all     99.00      0.00      1.00      0.00      0.00      0.00
08:09:23        all     98.99      0.00      1.01      0.00      0.00      0.00
08:09:24        all     97.00      0.00      3.00      0.00      0.00      0.00
08:09:25        all     99.00      0.00      1.00      0.00      0.00      0.00
08:09:26        all    100.00      0.00      0.00      0.00      0.00      0.00
08:09:27        all     97.03      0.00      2.97      0.00      0.00      0.00
08:09:28        all    100.00      0.00      0.00      0.00      0.00      0.00
08:09:29        all     99.00      0.00      1.00      0.00      0.00      0.00
08:09:30        all     99.00      0.00      1.00      0.00      0.00      0.00
08:09:31        all     96.04      0.00      3.96      0.00      0.00      0.00
08:09:32        all     99.00      0.00      1.00      0.00      0.00      0.00
08:09:33        all     98.00      0.00      2.00      0.00      0.00      0.00
08:09:34        all     98.99      0.00      1.01      0.00      0.00      0.00
08:09:35        all     99.01      0.00      0.99      0.00      0.00      0.00
08:09:36        all     98.99      0.00      1.01      0.00      0.00      0.00
08:09:37        all     98.00      0.00      2.00      0.00      0.00      0.00
08:09:38        all     99.00      0.00      1.00      0.00      0.00      0.00
08:09:39        all     98.00      0.00      2.00      0.00      0.00      0.00
08:09:40        all     99.00      0.00      1.00      0.00      0.00      0.00
08:09:41        all     99.00      0.00      1.00      0.00      0.00      0.00
08:09:42        all     99.00      0.00      1.00      0.00      0.00      0.00
08:09:43        all     98.00      0.00      2.00      0.00      0.00      0.00
08:09:44        all     95.00      0.00      5.00      0.00      0.00      0.00
08:09:45        all     96.00      0.00      4.00      0.00      0.00      0.00
08:09:46        all     99.01      0.00      0.99      0.00      0.00      0.00
08:09:47        all     98.99      0.00      1.01      0.00      0.00      0.00
08:09:48        all    100.00      0.00      0.00      0.00      0.00      0.00
08:09:49        all     95.00      0.00      5.00      0.00      0.00      0.00
08:09:50        all     98.02      0.00      1.98      0.00      0.00      0.00
08:09:51        all     98.99      0.00      1.01      0.00      0.00      0.00
08:09:52        all     99.01      0.00      0.99      0.00      0.00      0.00
08:09:53        all     95.96      0.00      4.04      0.00      0.00      0.00
08:09:54        all     99.00      0.00      1.00      0.00      0.00      0.00
08:09:55        all     99.00      0.00      1.00      0.00      0.00      0.00
08:09:56        all     98.00      0.00      2.00      0.00      0.00      0.00
08:09:57        all     99.00      0.00      1.00      0.00      0.00      0.00
08:09:58        all     98.00      0.00      2.00      0.00      0.00      0.00
08:09:59        all     89.90      0.00      1.01      0.00      0.00      9.09
08:10:00        all     99.00      0.00      1.00      0.00      0.00      0.00
08:10:01        all     98.00      0.00      2.00      0.00      0.00      0.00
08:10:02        all     28.28      0.00      4.04      0.00      0.00     67.68
08:10:03        all      0.00      0.00      1.98      0.00      0.00     98.02
08:10:04        all      0.00      0.00      0.00      0.00      0.00    100.00
08:10:05        all      0.00      0.00      0.00      0.00      0.00    100.00
08:10:06        all      0.00      0.00      0.00      1.01      0.00     98.99
08:10:07        all      0.99      0.00      0.99      0.00      0.00     98.02
08:10:08        all      0.00      0.00      0.00      0.00      0.00    100.00
08:10:09        all      0.00      0.00      1.00      0.00      0.00     99.00
08:10:10        all     63.37      0.00      4.95      0.00      0.00     31.68
08:10:11        all     96.00      0.00      4.00      0.00      0.00      0.00
08:10:12        all     97.00      0.00      3.00      0.00      0.00      0.00
08:10:13        all     96.97      0.00      3.03      0.00      0.00      0.00
08:10:14        all     97.03      0.00      2.97      0.00      0.00      0.00
08:10:15        all     96.97      0.00      3.03      0.00      0.00      0.00
08:10:16        all     98.00      0.00      2.00      0.00      0.00      0.00
08:10:17        all     97.00      0.00      3.00      0.00      0.00      0.00
08:10:18        all     98.00      0.00      2.00      0.00      0.00      0.00
08:10:19        all     99.00      0.00      1.00      0.00      0.00      0.00
08:10:20        all    100.00      0.00      0.00      0.00      0.00      0.00
08:10:21        all     98.00      0.00      2.00      0.00      0.00      0.00
08:10:22        all     99.00      0.00      1.00      0.00      0.00      0.00
08:10:23        all     97.00      0.00      3.00      0.00      0.00      0.00
08:10:24        all    100.00      0.00      0.00      0.00      0.00      0.00
08:10:25        all    100.00      0.00      0.00      0.00      0.00      0.00
08:10:26        all     98.00      0.00      2.00      0.00      0.00      0.00
08:10:27        all    100.00      0.00      0.00      0.00      0.00      0.00
08:10:28        all     99.00      0.00      1.00      0.00      0.00      0.00
08:10:29        all     97.00      0.00      3.00      0.00      0.00      0.00
08:10:30        all     99.01      0.00      0.99      0.00      0.00      0.00
08:10:31        all     98.99      0.00      1.01      0.00      0.00      0.00
08:10:32        all    100.00      0.00      0.00      0.00      0.00      0.00
08:10:33        all     99.01      0.00      0.99      0.00      0.00      0.00
08:10:34        all    100.00      0.00      0.00      0.00      0.00      0.00
08:10:35        all     98.02      0.00      1.98      0.00      0.00      0.00
08:10:36        all    100.00      0.00      0.00      0.00      0.00      0.00
08:10:37        all    100.00      0.00      0.00      0.00      0.00      0.00
08:10:38        all    100.00      0.00      0.00      0.00      0.00      0.00
08:10:39        all     99.00      0.00      1.00      0.00      0.00      0.00
08:10:40        all    100.00      0.00      0.00      0.00      0.00      0.00
08:10:41        all     99.00      0.00      1.00      0.00      0.00      0.00
08:10:42        all    100.00      0.00      0.00      0.00      0.00      0.00
08:10:43        all     98.02      0.00      1.98      0.00      0.00      0.00
08:10:44        all     98.99      0.00      1.01      0.00      0.00      0.00
08:10:45        all     99.01      0.00      0.99      0.00      0.00      0.00
08:10:46        all     98.99      0.00      1.01      0.00      0.00      0.00
08:10:47        all     97.03      0.00      2.97      0.00      0.00      0.00
08:10:48        all    100.00      0.00      0.00      0.00      0.00      0.00
08:10:49        all     98.99      0.00      1.01      0.00      0.00      0.00
08:10:50        all    100.00      0.00      0.00      0.00      0.00      0.00
08:10:51        all     99.00      0.00      1.00      0.00      0.00      0.00
08:10:52        all    100.00      0.00      0.00      0.00      0.00      0.00
08:10:53        all     99.00      0.00      1.00      0.00      0.00      0.00
08:10:54        all     99.01      0.00      0.99      0.00      0.00      0.00
08:10:55        all    100.00      0.00      0.00      0.00      0.00      0.00
08:10:56        all     99.00      0.00      1.00      0.00      0.00      0.00
08:10:57        all     99.01      0.00      0.99      0.00      0.00      0.00
08:10:58        all    100.00      0.00      0.00      0.00      0.00      0.00
08:10:59        all     98.02      0.00      1.98      0.00      0.00      0.00
08:11:00        all     98.00      0.00      2.00      0.00      0.00      0.00
08:11:01        all     98.00      0.00      2.00      0.00      0.00      0.00
08:11:02        all     99.00      0.00      1.00      0.00      0.00      0.00
08:11:03        all     98.00      0.00      2.00      0.00      0.00      0.00
08:11:04        all    100.00      0.00      0.00      0.00      0.00      0.00
08:11:05        all     98.00      0.00      2.00      0.00      0.00      0.00
08:11:06        all     99.01      0.00      0.99      0.00      0.00      0.00
08:11:07        all     98.99      0.00      1.01      0.00      0.00      0.00
08:11:08        all    100.00      0.00      0.00      0.00      0.00      0.00
08:11:09        all    100.00      0.00      0.00      0.00      0.00      0.00
08:11:10        all     99.01      0.00      0.99      0.00      0.00      0.00
08:11:11        all     97.00      0.00      3.00      0.00      0.00      0.00
08:11:12        all     98.00      0.00      2.00      0.00      0.00      0.00
08:11:13        all     98.00      0.00      2.00      0.00      0.00      0.00
08:11:14        all     99.00      0.00      1.00      0.00      0.00      0.00
08:11:15        all     98.99      0.00      1.01      0.00      0.00      0.00
08:11:16        all     98.02      0.00      1.98      0.00      0.00      0.00
08:11:17        all     99.00      0.00      1.00      0.00      0.00      0.00
08:11:18        all     98.00      0.00      2.00      0.00      0.00      0.00
08:11:19        all    100.00      0.00      0.00      0.00      0.00      0.00
08:11:20        all    100.00      0.00      0.00      0.00      0.00      0.00
08:11:21        all    100.00      0.00      0.00      0.00      0.00      0.00
08:11:22        all     99.01      0.00      0.99      0.00      0.00      0.00
08:11:23        all     99.00      0.00      1.00      0.00      0.00      0.00
08:11:24        all     99.00      0.00      1.00      0.00      0.00      0.00
08:11:25        all    100.00      0.00      0.00      0.00      0.00      0.00
08:11:26        all    100.00      0.00      0.00      0.00      0.00      0.00
08:11:27        all     98.02      0.00      1.98      0.00      0.00      0.00
08:11:28        all    100.00      0.00      0.00      0.00      0.00      0.00
08:11:29        all     99.00      0.00      1.00      0.00      0.00      0.00
08:11:30        all     99.01      0.00      0.99      0.00      0.00      0.00
08:11:31        all    100.00      0.00      0.00      0.00      0.00      0.00
08:11:32        all    100.00      0.00      0.00      0.00      0.00      0.00
08:11:33        all     48.51      0.00      5.94      0.00      0.00     45.54
08:11:34        all      0.00      0.00      0.00      0.00      0.00    100.00
08:11:35        all      1.00      0.00      0.00      0.00      0.00     99.00
08:11:36        all      0.00      0.00      0.00      0.00      0.00    100.00
08:11:37        all      0.00      0.00      1.00      0.00      0.00     99.00
08:11:38        all      0.00      0.00      0.00      0.00      0.00    100.00
08:11:39        all      0.00      0.00      0.00      0.00      0.00    100.00
08:11:40        all      0.00      0.00      1.00      0.00      0.00     99.00
08:11:41        all     42.00      0.00      4.00      1.00      0.00     53.00
08:11:42        all     98.00      0.00      2.00      0.00      0.00      0.00
08:11:43        all     97.00      0.00      3.00      0.00      0.00      0.00
08:11:44        all     97.00      0.00      3.00      0.00      0.00      0.00
08:11:45        all     97.00      0.00      3.00      0.00      0.00      0.00
08:11:46        all     93.00      0.00      7.00      0.00      0.00      0.00
08:11:47        all    100.00      0.00      0.00      0.00      0.00      0.00
08:11:48        all     96.04      0.00      3.96      0.00      0.00      0.00
08:11:49        all     98.00      0.00      2.00      0.00      0.00      0.00
08:11:50        all    100.00      0.00      0.00      0.00      0.00      0.00
08:11:51        all     98.02      0.00      1.98      0.00      0.00      0.00
08:11:52        all    100.00      0.00      0.00      0.00      0.00      0.00
08:11:53        all     99.00      0.00      1.00      0.00      0.00      0.00
08:11:54        all     99.00      0.00      1.00      0.00      0.00      0.00
08:11:55        all    100.00      0.00      0.00      0.00      0.00      0.00
08:11:56        all     99.00      0.00      1.00      0.00      0.00      0.00
08:11:57        all     99.00      0.00      1.00      0.00      0.00      0.00
08:11:58        all    100.00      0.00      0.00      0.00      0.00      0.00
08:11:59        all     98.00      0.00      2.00      0.00      0.00      0.00
08:12:00        all     99.01      0.00      0.99      0.00      0.00      0.00
08:12:01        all     98.99      0.00      1.01      0.00      0.00      0.00
08:12:02        all    100.00      0.00      0.00      0.00      0.00      0.00
08:12:03        all     99.00      0.00      1.00      0.00      0.00      0.00
08:12:04        all     99.00      0.00      1.00      0.00      0.00      0.00
08:12:05        all     98.02      0.00      1.98      0.00      0.00      0.00
08:12:06        all     98.99      0.00      1.01      0.00      0.00      0.00
08:12:07        all     97.00      0.00      3.00      0.00      0.00      0.00
08:12:08        all     99.00      0.00      1.00      0.00      0.00      0.00
08:12:09        all    100.00      0.00      0.00      0.00      0.00      0.00
08:12:10        all     99.00      0.00      1.00      0.00      0.00      0.00
08:12:11        all     98.00      0.00      2.00      0.00      0.00      0.00
08:12:12        all     98.00      0.00      2.00      0.00      0.00      0.00
08:12:13        all    100.00      0.00      0.00      0.00      0.00      0.00
08:12:14        all     99.00      0.00      1.00      0.00      0.00      0.00
08:12:15        all     98.02      0.00      1.98      0.00      0.00      0.00
08:12:16        all     99.00      0.00      1.00      0.00      0.00      0.00
08:12:17        all    100.00      0.00      0.00      0.00      0.00      0.00
08:12:18        all    100.00      0.00      0.00      0.00      0.00      0.00
08:12:19        all    100.00      0.00      0.00      0.00      0.00      0.00
08:12:20        all     99.01      0.00      0.99      0.00      0.00      0.00
08:12:21        all    100.00      0.00      0.00      0.00      0.00      0.00
08:12:22        all    100.00      0.00      0.00      0.00      0.00      0.00
08:12:23        all    100.00      0.00      0.00      0.00      0.00      0.00
08:12:24        all     99.00      0.00      1.00      0.00      0.00      0.00
08:12:25        all    100.00      0.00      0.00      0.00      0.00      0.00
08:12:26        all     98.02      0.00      1.98      0.00      0.00      0.00
08:12:27        all    100.00      0.00      0.00      0.00      0.00      0.00
08:12:28        all    100.00      0.00      0.00      0.00      0.00      0.00
08:12:29        all     99.00      0.00      1.00      0.00      0.00      0.00
08:12:30        all     99.00      0.00      1.00      0.00      0.00      0.00
08:12:31        all     99.00      0.00      1.00      0.00      0.00      0.00
08:12:32        all    100.00      0.00      0.00      0.00      0.00      0.00
08:12:33        all     99.00      0.00      1.00      0.00      0.00      0.00
08:12:34        all    100.00      0.00      0.00      0.00      0.00      0.00
08:12:35        all     98.02      0.00      1.98      0.00      0.00      0.00
08:12:36        all    100.00      0.00      0.00      0.00      0.00      0.00
08:12:37        all     98.02      0.00      1.98      0.00      0.00      0.00
08:12:38        all    100.00      0.00      0.00      0.00      0.00      0.00
08:12:39        all     98.02      0.00      1.98      0.00      0.00      0.00
08:12:40        all    100.00      0.00      0.00      0.00      0.00      0.00
08:12:41        all     99.00      0.00      1.00      0.00      0.00      0.00
08:12:42        all     99.00      0.00      1.00      0.00      0.00      0.00
08:12:43        all     99.00      0.00      1.00      0.00      0.00      0.00
08:12:44        all     99.00      0.00      1.00      0.00      0.00      0.00
08:12:45        all     99.00      0.00      1.00      0.00      0.00      0.00
08:12:46        all     99.00      0.00      1.00      0.00      0.00      0.00
08:12:47        all     99.00      0.00      1.00      0.00      0.00      0.00
08:12:48        all     99.00      0.00      1.00      0.00      0.00      0.00
08:12:49        all    100.00      0.00      0.00      0.00      0.00      0.00
08:12:50        all     99.00      0.00      1.00      0.00      0.00      0.00
08:12:51        all     99.00      0.00      1.00      0.00      0.00      0.00
08:12:52        all     98.02      0.00      1.98      0.00      0.00      0.00
08:12:53        all    100.00      0.00      0.00      0.00      0.00      0.00
08:12:54        all     99.00      0.00      1.00      0.00      0.00      0.00
08:12:55        all    100.00      0.00      0.00      0.00      0.00      0.00
08:12:56        all     99.00      0.00      1.00      0.00      0.00      0.00
08:12:57        all     98.99      0.00      1.01      0.00      0.00      0.00
08:12:58        all    100.00      0.00      0.00      0.00      0.00      0.00
08:12:59        all     99.00      0.00      1.00      0.00      0.00      0.00
08:13:00        all     99.00      0.00      1.00      0.00      0.00      0.00
08:13:01        all    100.00      0.00      0.00      0.00      0.00      0.00
08:13:02        all    100.00      0.00      0.00      0.00      0.00      0.00
08:13:03        all     99.00      0.00      1.00      0.00      0.00      0.00
08:13:04        all    100.00      0.00      0.00      0.00      0.00      0.00
08:13:05        all     99.00      0.00      1.00      0.00      0.00      0.00
08:13:06        all    100.00      0.00      0.00      0.00      0.00      0.00
08:13:07        all     99.00      0.00      1.00      0.00      0.00      0.00
08:13:08        all     99.00      0.00      1.00      0.00      0.00      0.00
08:13:09        all     98.00      0.00      2.00      0.00      0.00      0.00
08:13:10        all    100.00      0.00      0.00      0.00      0.00      0.00
08:13:11        all     99.00      0.00      1.00      0.00      0.00      0.00
08:13:12        all    100.00      0.00      0.00      0.00      0.00      0.00
08:13:13        all     99.00      0.00      1.00      0.00      0.00      0.00
08:13:14        all    100.00      0.00      0.00      0.00      0.00      0.00
08:13:15        all    100.00      0.00      0.00      0.00      0.00      0.00
08:13:16        all    100.00      0.00      0.00      0.00      0.00      0.00
08:13:17        all     99.00      0.00      1.00      0.00      0.00      0.00
08:13:18        all     99.00      0.00      1.00      0.00      0.00      0.00
08:13:19        all    100.00      0.00      0.00      0.00      0.00      0.00
08:13:20        all     99.00      0.00      1.00      0.00      0.00      0.00
08:13:21        all    100.00      0.00      0.00      0.00      0.00      0.00
08:13:22        all     99.00      0.00      1.00      0.00      0.00      0.00
08:13:23        all     99.00      0.00      1.00      0.00      0.00      0.00
08:13:24        all     98.00      0.00      2.00      0.00      0.00      0.00
08:13:25        all    100.00      0.00      0.00      0.00      0.00      0.00
08:13:26        all     98.00      0.00      2.00      0.00      0.00      0.00
08:13:27        all     99.00      0.00      1.00      0.00      0.00      0.00
08:13:28        all    100.00      0.00      0.00      0.00      0.00      0.00
08:13:29        all     99.00      0.00      1.00      0.00      0.00      0.00
08:13:30        all     99.00      0.00      1.00      0.00      0.00      0.00
08:13:31        all     97.03      0.00      2.97      0.00      0.00      0.00
08:13:32        all     83.00      0.00      4.00      0.00      0.00     13.00
08:13:33        all      0.00      0.00      1.00      0.00      0.00     99.00
08:13:34        all      0.00      0.00      0.00      0.00      0.00    100.00
08:13:35        all      0.00      0.00      1.00      0.00      0.00     99.00
08:13:36        all      0.00      0.00      2.00      2.00      0.00     96.00
08:13:37        all      0.99      0.00      0.99      0.00      0.00     98.02
08:13:38        all      0.00      0.00      0.00      0.00      0.00    100.00
08:13:39        all      0.00      0.00      0.00      0.00      0.00    100.00
08:13:40        all     11.76      0.00      2.94      0.00      0.00     85.29
08:13:41        all     95.96      0.00      4.04      0.00      0.00      0.00
08:13:42        all     93.00      0.00      7.00      0.00      0.00      0.00
08:13:43        all     98.00      0.00      2.00      0.00      0.00      0.00
08:13:44        all     96.00      0.00      4.00      0.00      0.00      0.00
08:13:45        all     98.00      0.00      2.00      0.00      0.00      0.00
08:13:46        all     98.99      0.00      1.01      0.00      0.00      0.00
08:13:47        all     95.05      0.00      4.95      0.00      0.00      0.00
08:13:48        all     98.99      0.00      1.01      0.00      0.00      0.00
08:13:49        all     98.04      0.00      1.96      0.00      0.00      0.00
08:13:50        all     98.99      0.00      1.01      0.00      0.00      0.00
08:13:51        all    100.00      0.00      0.00      0.00      0.00      0.00
08:13:52        all     97.00      0.00      3.00      0.00      0.00      0.00
08:13:53        all     99.00      0.00      1.00      0.00      0.00      0.00
08:13:54        all     99.00      0.00      1.00      0.00      0.00      0.00
08:13:55        all     99.00      0.00      1.00      0.00      0.00      0.00
08:13:56        all    100.00      0.00      0.00      0.00      0.00      0.00
08:13:57        all     98.02      0.00      1.98      0.00      0.00      0.00
08:13:58        all     99.00      0.00      1.00      0.00      0.00      0.00
08:13:59        all     98.99      0.00      1.01      0.00      0.00      0.00
08:14:00        all     99.00      0.00      1.00      0.00      0.00      0.00
08:14:01        all     99.00      0.00      1.00      0.00      0.00      0.00
08:14:02        all     99.01      0.00      0.99      0.00      0.00      0.00
08:14:03        all     99.00      0.00      1.00      0.00      0.00      0.00
08:14:04        all     99.00      0.00      1.00      0.00      0.00      0.00
08:14:05        all     99.00      0.00      1.00      0.00      0.00      0.00
08:14:06        all    100.00      0.00      0.00      0.00      0.00      0.00
08:14:07        all     98.99      0.00      1.01      0.00      0.00      0.00
08:14:08        all    100.00      0.00      0.00      0.00      0.00      0.00
08:14:09        all     99.00      0.00      1.00      0.00      0.00      0.00
08:14:10        all     99.01      0.00      0.99      0.00      0.00      0.00
08:14:11        all    100.00      0.00      0.00      0.00      0.00      0.00
08:14:12        all     97.03      0.00      2.97      0.00      0.00      0.00
08:14:13        all    100.00      0.00      0.00      0.00      0.00      0.00
08:14:14        all     99.00      0.00      1.00      0.00      0.00      0.00
08:14:15        all     98.02      0.00      1.98      0.00      0.00      0.00
08:14:16        all    100.00      0.00      0.00      0.00      0.00      0.00
08:14:17        all     99.00      0.00      1.00      0.00      0.00      0.00
08:14:18        all    100.00      0.00      0.00      0.00      0.00      0.00
08:14:19        all     98.99      0.00      1.01      0.00      0.00      0.00
08:14:20        all     99.01      0.00      0.99      0.00      0.00      0.00
08:14:21        all     99.00      0.00      1.00      0.00      0.00      0.00
08:14:22        all     98.00      0.00      2.00      0.00      0.00      0.00
08:14:23        all     99.00      0.00      1.00      0.00      0.00      0.00
08:14:24        all    100.00      0.00      0.00      0.00      0.00      0.00
08:14:25        all    100.00      0.00      0.00      0.00      0.00      0.00
08:14:26        all     98.02      0.00      1.98      0.00      0.00      0.00
08:14:27        all    100.00      0.00      0.00      0.00      0.00      0.00
08:14:28        all     98.99      0.00      1.01      0.00      0.00      0.00
08:14:29        all     99.01      0.00      0.99      0.00      0.00      0.00
08:14:30        all    100.00      0.00      0.00      0.00      0.00      0.00
08:14:31        all     99.00      0.00      1.00      0.00      0.00      0.00
08:14:32        all     98.00      0.00      2.00      0.00      0.00      0.00
08:14:33        all    100.00      0.00      0.00      0.00      0.00      0.00
08:14:34        all     99.00      0.00      1.00      0.00      0.00      0.00
08:14:35        all    100.00      0.00      0.00      0.00      0.00      0.00
08:14:36        all    100.00      0.00      0.00      0.00      0.00      0.00
08:14:37        all    100.00      0.00      0.00      0.00      0.00      0.00
08:14:38        all     99.01      0.00      0.99      0.00      0.00      0.00
08:14:39        all    100.00      0.00      0.00      0.00      0.00      0.00
08:14:40        all     99.00      0.00      1.00      0.00      0.00      0.00
08:14:41        all     99.00      0.00      1.00      0.00      0.00      0.00
08:14:42        all     98.02      0.00      1.98      0.00      0.00      0.00
08:14:43        all     99.00      0.00      1.00      0.00      0.00      0.00
08:14:44        all    100.00      0.00      0.00      0.00      0.00      0.00
08:14:45        all    100.00      0.00      0.00      0.00      0.00      0.00
08:14:46        all     98.02      0.00      1.98      0.00      0.00      0.00
08:14:47        all    100.00      0.00      0.00      0.00      0.00      0.00
08:14:48        all     99.00      0.00      1.00      0.00      0.00      0.00
08:14:49        all    100.00      0.00      0.00      0.00      0.00      0.00
08:14:50        all    100.00      0.00      0.00      0.00      0.00      0.00
08:14:51        all     99.00      0.00      1.00      0.00      0.00      0.00
08:14:52        all     98.02      0.00      1.98      0.00      0.00      0.00
08:14:53        all    100.00      0.00      0.00      0.00      0.00      0.00
08:14:54        all     98.02      0.00      1.98      0.00      0.00      0.00
08:14:55        all     98.00      0.00      2.00      0.00      0.00      0.00
08:14:56        all    100.00      0.00      0.00      0.00      0.00      0.00
08:14:57        all     99.00      0.00      1.00      0.00      0.00      0.00
08:14:58        all    100.00      0.00      0.00      0.00      0.00      0.00
08:14:59        all     99.00      0.00      1.00      0.00      0.00      0.00
08:15:00        all    100.00      0.00      0.00      0.00      0.00      0.00
08:15:01        all     98.02      0.00      1.98      0.00      0.00      0.00
08:15:02        all     98.00      0.00      2.00      0.00      0.00      0.00
08:15:03        all     99.00      0.00      1.00      0.00      0.00      0.00
08:15:04        all    100.00      0.00      0.00      0.00      0.00      0.00
08:15:05        all     99.01      0.00      0.99      0.00      0.00      0.00
08:15:06        all    100.00      0.00      0.00      0.00      0.00      0.00
08:15:07        all     99.01      0.00      0.99      0.00      0.00      0.00
08:15:08        all     97.00      0.00      3.00      0.00      0.00      0.00
08:15:09        all     99.00      0.00      1.00      0.00      0.00      0.00
08:15:10        all     98.00      0.00      2.00      0.00      0.00      0.00
08:15:11        all     99.00      0.00      1.00      0.00      0.00      0.00
08:15:12        all     99.00      0.00      1.00      0.00      0.00      0.00
08:15:13        all     99.00      0.00      1.00      0.00      0.00      0.00
08:15:14        all     99.00      0.00      1.00      0.00      0.00      0.00
08:15:15        all     99.00      0.00      1.00      0.00      0.00      0.00
08:15:16        all     98.99      0.00      1.01      0.00      0.00      0.00
08:15:17        all     99.00      0.00      1.00      0.00      0.00      0.00
08:15:18        all     99.01      0.00      0.99      0.00      0.00      0.00
08:15:19        all    100.00      0.00      0.00      0.00      0.00      0.00
08:15:20        all    100.00      0.00      0.00      0.00      0.00      0.00
08:15:21        all     97.03      0.00      2.97      0.00      0.00      0.00
08:15:22        all     98.02      0.00      1.98      0.00      0.00      0.00
08:15:23        all    100.00      0.00      0.00      0.00      0.00      0.00
08:15:24        all    100.00      0.00      0.00      0.00      0.00      0.00
08:15:25        all    100.00      0.00      0.00      0.00      0.00      0.00
08:15:26        all     99.00      0.00      1.00      0.00      0.00      0.00
08:15:27        all    100.00      0.00      0.00      0.00      0.00      0.00
08:15:28        all     99.00      0.00      1.00      0.00      0.00      0.00
08:15:29        all    100.00      0.00      0.00      0.00      0.00      0.00
08:15:30        all     99.00      0.00      1.00      0.00      0.00      0.00
08:15:31        all     99.00      0.00      1.00      0.00      0.00      0.00
08:15:32        all     93.94      0.00      2.02      0.00      0.00      4.04
08:15:33        all     41.00      0.00      2.00      0.00      0.00     57.00
08:15:34        all      0.00      0.00      0.00      0.00      0.00    100.00
08:15:35        all      0.00      0.00      0.00      0.00      0.00    100.00
08:15:36        all      0.00      0.00      0.00      1.02      0.00     98.98
08:15:37        all      1.00      0.00      0.00      0.00      0.00     99.00
08:15:38        all      0.00      0.00      0.00      0.00      0.00    100.00
08:15:39        all      1.00      0.00      0.00      0.00      0.00     99.00
08:15:40        all      0.00      0.00      1.00      0.00      0.00     99.00
08:15:41        all      0.00      0.00      0.00      1.00      0.00     99.00
08:15:42        all      0.00      0.00      0.00      0.00      0.00    100.00
