Linux 4.13.0-19-generic (instance-2) 	12/20/17 	_x86_64_	(2 CPU)

18:34:46        CPU     %user     %nice   %system   %iowait    %steal     %idle
18:34:47        all      0.00      0.00      0.00      0.00      0.00    100.00
18:34:48        all      3.48      0.00      0.50      0.00      0.00     96.02
18:34:49        all     49.25      0.00      2.01      8.54      0.00     40.20
18:34:50        all     24.24      0.00      1.52     20.71      0.00     53.54
18:34:51        all     73.47      0.00      3.57     15.82      0.00      7.14
18:34:52        all     89.95      0.00      3.52      5.03      0.00      1.51
18:34:53        all     90.45      0.00      2.01      0.00      0.00      7.54
18:34:54        all     90.95      0.00      1.01      0.00      0.00      8.04
18:34:55        all     88.00      0.00      1.50      0.00      0.00     10.50
18:34:56        all     90.05      0.00      2.99      2.99      0.00      3.98
18:34:57        all     88.38      0.00      1.01      0.00      0.00     10.61
18:34:58        all     92.46      0.00      0.00      0.00      0.00      7.54
18:34:59        all     95.52      0.00      2.49      0.00      0.00      1.99
18:35:00        all     74.13      0.00      1.49      0.00      0.00     24.38
18:35:01        all     64.14      0.00      1.52      0.00      0.00     34.34
18:35:02        all     84.00      0.00      2.50      0.00      0.00     13.50
18:35:03        all     97.51      0.00      0.50      0.00      0.00      1.99
18:35:04        all     69.50      0.00      0.50      0.00      0.00     30.00
18:35:05        all     50.75      0.00      1.51      0.00      0.00     47.74
18:35:06        all     55.50      0.00      0.50      0.00      0.00     44.00
18:35:07        all     51.00      0.00      0.50      1.00      0.00     47.50
18:35:08        all     64.50      0.00      0.50      0.00      0.00     35.00
18:35:09        all     82.50      0.00      0.50      0.00      0.00     17.00
18:35:10        all     53.00      0.00      0.00      0.00      0.00     47.00
18:35:11        all     58.50      0.00      0.00      0.00      0.00     41.50
18:35:12        all     51.76      0.00      0.50      0.00      0.00     47.74
18:35:13        all     68.00      0.00      0.00      0.00      0.00     32.00
18:35:14        all     94.03      0.00      0.00      0.00      0.00      5.97
18:35:15        all     89.55      0.00      0.00      0.00      0.00     10.45
18:35:16        all     83.84      0.00      0.00      0.00      0.00     16.16
18:35:17        all     74.37      0.00      1.01      2.51      0.00     22.11
18:35:18        all     97.98      0.00      1.01      0.00      0.00      1.01
18:35:19        all     95.52      0.00      0.50      0.00      0.00      3.98
18:35:20        all     74.00      0.00      0.00      0.00      0.00     26.00
18:35:21        all     87.00      0.00      0.50      0.00      0.00     12.50
18:35:22        all     92.50      0.00      0.00      0.00      0.00      7.50
18:35:23        all     87.50      0.00      0.50      0.00      0.00     12.00
18:35:24        all     93.50      0.00      0.50      0.00      0.00      6.00
18:35:25        all     87.50      0.00      0.50      0.00      0.00     12.00
18:35:26        all     90.95      0.00      0.50      0.00      0.00      8.54
18:35:27        all     89.50      0.00      0.00      0.00      0.00     10.50
18:35:28        all     91.00      0.00      0.00      0.00      0.00      9.00
18:35:29        all    100.00      0.00      0.00      0.00      0.00      0.00
18:35:30        all     94.53      0.00      0.50      0.00      0.00      4.98
18:35:31        all     99.00      0.00      0.00      0.00      0.00      1.00
18:35:32        all     97.49      0.00      0.00      0.00      0.00      2.51
18:35:33        all     89.45      0.00      0.00      0.00      0.00     10.55
18:35:34        all     98.50      0.00      0.50      0.00      0.00      1.00
18:35:35        all     99.50      0.00      0.00      0.00      0.00      0.50
18:35:36        all     98.49      0.00      0.00      0.00      0.00      1.51
18:35:37        all     90.50      0.00      0.00      0.00      0.00      9.50
18:35:38        all     99.50      0.00      0.50      0.00      0.00      0.00
18:35:39        all     95.48      0.00      0.00      0.00      0.00      4.52
18:35:40        all     99.00      0.00      0.50      0.00      0.00      0.50
18:35:41        all     96.52      0.00      2.49      0.00      0.00      1.00
18:35:42        all     97.98      0.00      2.02      0.00      0.00      0.00
18:35:43        all     98.51      0.00      1.00      0.00      0.00      0.50
18:35:44        all     98.00      0.00      2.00      0.00      0.00      0.00
18:35:45        all     99.50      0.00      0.00      0.00      0.00      0.50
18:35:46        all     99.50      0.00      0.50      0.00      0.00      0.00
18:35:47        all    100.00      0.00      0.00      0.00      0.00      0.00
18:35:48        all     99.50      0.00      0.50      0.00      0.00      0.00
18:35:49        all    100.00      0.00      0.00      0.00      0.00      0.00
18:35:50        all     99.50      0.00      0.50      0.00      0.00      0.00
18:35:51        all     99.50      0.00      0.50      0.00      0.00      0.00
18:35:52        all     89.50      0.00      9.50      0.00      0.00      1.00
18:35:53        all     96.52      0.00      0.50      0.00      0.00      2.99
18:35:54        all     95.50      0.00      0.00      0.00      0.00      4.50
18:35:55        all     99.50      0.00      0.50      0.00      0.00      0.00
18:35:56        all     96.48      0.00      1.51      0.00      0.00      2.01
18:35:57        all     90.95      0.00      0.50      0.00      0.00      8.54
18:35:58        all     97.50      0.00      0.00      0.00      0.00      2.50
18:35:59        all     22.11      0.00      2.01      0.00      0.00     75.88
18:36:00        all      0.00      0.00      0.00      0.00      0.00    100.00
18:36:01        all      0.00      0.00      0.00      0.00      0.00    100.00
18:36:02        all      0.50      0.00      0.50      0.50      0.00     98.50
18:36:03        all      0.00      0.00      0.00      0.00      0.00    100.00
18:36:04        all      0.00      0.00      0.00      0.00      0.00    100.00
18:36:05        all      0.00      0.00      0.00      0.00      0.00    100.00
18:36:06        all      0.00      0.00      0.00      0.00      0.00    100.00
18:36:07        all     36.18      0.00      3.52     13.07      0.00     47.24
18:36:08        all     61.31      0.00      3.02     10.55      0.00     25.13
18:36:09        all     47.98      0.00      1.52     38.89      0.00     11.62
18:36:10        all     93.97      0.00      2.51      0.00      0.00      3.52
18:36:11        all     92.50      0.00      5.50      1.00      0.00      1.00
18:36:12        all     96.98      0.00      1.51      1.01      0.00      0.50
18:36:13        all     95.98      0.00      2.51      0.00      0.00      1.51
18:36:14        all     96.48      0.00      2.01      0.00      0.00      1.51
18:36:15        all     99.00      0.00      1.00      0.00      0.00      0.00
18:36:16        all     99.00      0.00      1.00      0.00      0.00      0.00
18:36:17        all     95.45      0.00      2.02      0.00      0.00      2.53
18:36:18        all     99.00      0.00      0.50      0.00      0.00      0.50
18:36:19        all     97.00      0.00      3.00      0.00      0.00      0.00
18:36:20        all     98.51      0.00      0.50      0.00      0.00      1.00
18:36:21        all     86.00      0.00      2.00      0.00      0.00     12.00
18:36:22        all     90.45      0.00      0.50      0.00      0.00      9.05
18:36:23        all     94.00      0.00      1.00      0.00      0.00      5.00
18:36:24        all     75.88      0.00      0.50      0.00      0.00     23.62
18:36:25        all     74.50      0.00      2.50      0.00      0.00     23.00
18:36:26        all     77.61      0.00      0.50      0.00      0.00     21.89
18:36:27        all     84.58      0.00      0.50      0.50      0.00     14.43
18:36:28        all     75.00      0.00      0.50      0.00      0.00     24.50
18:36:29        all     83.50      0.00      0.00      0.00      0.00     16.50
18:36:30        all     57.79      0.00      0.00      0.00      0.00     42.21
18:36:31        all     55.50      0.00      0.00      0.00      0.00     44.50
18:36:32        all     53.50      0.00      0.00      0.00      0.00     46.50
18:36:33        all     57.79      0.00      0.00      0.00      0.00     42.21
18:36:34        all     56.72      0.00      0.50      0.00      0.00     42.79
18:36:35        all     54.77      0.00      0.00      1.51      0.00     43.72
18:36:36        all     52.97      0.00      0.50      0.00      0.00     46.53
18:36:37        all     52.50      0.00      0.00      0.50      0.00     47.00
18:36:38        all     52.24      0.00      0.50      0.00      0.00     47.26
18:36:39        all     56.50      0.00      0.00      0.00      0.00     43.50
18:36:40        all     52.50      0.00      0.50      0.00      0.00     47.00
18:36:41        all     51.76      0.00      0.00      0.00      0.00     48.24
18:36:42        all     58.71      0.00      0.00      0.50      0.00     40.80
18:36:43        all     56.00      0.00      0.00      0.00      0.00     44.00
18:36:44        all     52.76      0.00      0.50      0.00      0.00     46.73
18:36:45        all     52.00      0.00      0.00      0.00      0.00     48.00
18:36:46        all     83.00      0.00      3.50      0.00      0.00     13.50
18:36:47        all     98.48      0.00      0.51      0.00      0.00      1.01
18:36:48        all     76.00      0.00      0.50      0.00      0.00     23.50
18:36:49        all     55.00      0.00      0.00      0.00      0.00     45.00
18:36:50        all     89.39      0.00      0.51      0.00      0.00     10.10
18:36:51        all     64.18      0.00      0.00      0.00      0.00     35.82
18:36:52        all     85.50      0.00      1.00      0.00      0.00     13.50
18:36:53        all     93.50      0.00      0.50      0.00      0.00      6.00
18:36:54        all     87.44      0.00      0.00      0.00      0.00     12.56
18:36:55        all     80.00      0.00      0.00      0.00      0.00     20.00
18:36:56        all     96.52      0.00      0.50      0.00      0.00      2.99
18:36:57        all     89.95      0.00      0.50      0.00      0.00      9.55
18:36:58        all     95.00      0.00      0.00      0.00      0.00      5.00
18:36:59        all     95.48      0.00      0.00      0.00      0.00      4.52
18:37:00        all     94.03      0.00      0.50      0.00      0.00      5.47
18:37:01        all     99.50      0.00      0.50      0.00      0.00      0.00
18:37:02        all     95.00      0.00      0.50      0.00      0.00      4.50
18:37:03        all     96.45      0.00      1.52      0.00      0.00      2.03
18:37:04        all     88.06      0.00      1.00      0.00      0.00     10.95
18:37:05        all     17.59      0.00      2.01      0.00      0.00     80.40
18:37:06        all      0.00      0.00      0.00      0.00      0.00    100.00
18:37:07        all      0.00      0.00      0.00      0.50      0.00     99.50
18:37:08        all      0.00      0.00      0.00      0.00      0.00    100.00
18:37:09        all      0.00      0.00      0.00      0.00      0.00    100.00
