Linux 4.13.0-19-generic (instance-2) 	12/20/17 	_x86_64_	(2 CPU)

05:05:25        CPU     %user     %nice   %system   %iowait    %steal     %idle
05:05:26        all      0.00      0.00      0.00      0.00      0.00    100.00
05:05:27        all      0.00      0.00      0.00      0.00      0.00    100.00
05:05:28        all      5.00      0.00      0.50      2.00      0.00     92.50
05:05:29        all      0.00      0.00      0.00      0.00      0.00    100.00
05:05:30        all      0.00      0.00      0.00      0.00      0.00    100.00
05:05:31        all      0.00      0.00      0.00      2.01      0.00     97.99
Linux 4.13.0-19-generic (instance-2) 	12/20/17 	_x86_64_	(2 CPU)

05:07:55        CPU     %user     %nice   %system   %iowait    %steal     %idle
05:07:56        all      0.00      0.00      0.00      0.00      0.00    100.00
05:07:57        all     15.15      0.00      0.51      0.00      0.00     84.34
05:07:58        all     94.53      0.00      4.48      0.00      0.00      1.00
05:07:59        all     91.46      0.00      4.52      0.00      0.00      4.02
05:08:00        all     94.95      0.00      3.03      2.02      0.00      0.00
05:08:01        all     95.50      0.00      3.50      0.00      0.00      1.00
05:08:02        all     97.50      0.00      2.00      0.00      0.00      0.50
05:08:03        all     97.00      0.00      2.50      0.00      0.00      0.50
05:08:04        all     98.49      0.00      1.01      0.00      0.00      0.50
05:08:05        all     97.50      0.00      2.00      0.00      0.00      0.50
05:08:06        all     97.51      0.00      1.99      0.00      0.00      0.50
05:08:07        all     96.46      0.00      1.01      0.00      0.00      2.53
05:08:08        all     98.50      0.00      1.00      0.00      0.00      0.50
05:08:09        all     99.50      0.00      0.50      0.00      0.00      0.00
05:08:10        all     93.07      0.00      1.98      0.00      0.00      4.95
05:08:11        all     91.46      0.00      0.50      0.00      0.00      8.04
05:08:12        all     81.00      0.00      1.00      0.00      0.00     18.00
05:08:13        all     74.00      0.00      1.00      0.00      0.00     25.00
05:08:14        all     76.00      0.00      1.00      0.00      0.00     23.00
05:08:15        all     55.72      0.00      1.49      0.00      0.00     42.79
05:08:16        all     69.35      0.00      1.01      0.00      0.00     29.65
05:08:17        all     59.00      0.00      0.50      0.00      0.00     40.50
05:08:18        all     74.00      0.00      0.00      0.00      0.00     26.00
05:08:19        all     55.00      0.00      0.00      0.00      0.00     45.00
05:08:20        all     55.78      0.00      0.00      0.00      0.00     44.22
05:08:21        all     52.24      0.00      0.50      0.00      0.00     47.26
05:08:22        all     52.76      0.00      0.00      0.00      0.00     47.24
05:08:23        all     80.00      0.00      0.00      0.00      0.00     20.00
05:08:24        all     52.00      0.00      0.00      0.00      0.00     48.00
05:08:25        all     53.00      0.00      0.50      0.00      0.00     46.50
05:08:26        all     78.89      0.00      0.50      1.01      0.00     19.60
05:08:27        all     70.15      0.00      0.50      0.00      0.00     29.35
05:08:28        all     97.00      0.00      0.50      0.00      0.00      2.50
05:08:29        all     91.96      0.00      0.50      0.00      0.00      7.54
05:08:30        all     59.00      0.00      0.00      0.00      0.00     41.00
05:08:31        all     66.33      0.00      0.00      0.00      0.00     33.67
05:08:32        all     68.00      0.00      0.00      0.00      0.00     32.00
05:08:33        all     90.95      0.00      0.00      0.00      0.00      9.05
05:08:34        all     83.42      0.00      0.00      0.00      0.00     16.58
05:08:35        all     92.04      0.00      0.50      0.00      0.00      7.46
05:08:36        all     79.00      0.00      0.00      0.00      0.00     21.00
05:08:37        all     67.66      0.00      1.00      0.00      0.00     31.34
05:08:38        all     85.43      0.00      0.00      0.00      0.00     14.57
05:08:39        all     86.00      0.00      0.00      0.00      0.00     14.00
05:08:40        all     86.43      0.00      0.00      0.00      0.00     13.57
05:08:41        all     86.00      0.00      0.00      0.00      0.00     14.00
05:08:42        all     94.97      0.00      0.50      0.00      0.00      4.52
05:08:43        all     99.50      0.00      0.50      0.00      0.00      0.00
05:08:44        all     64.68      0.00      0.00      0.00      0.00     35.32
05:08:45        all     99.50      0.00      0.50      0.00      0.00      0.00
05:08:46        all     98.99      0.00      0.00      0.00      0.00      1.01
05:08:47        all     99.50      0.00      0.50      0.00      0.00      0.00
05:08:48        all    100.00      0.00      0.00      0.00      0.00      0.00
05:08:49        all     99.50      0.00      0.00      0.00      0.00      0.50
05:08:50        all    100.00      0.00      0.00      0.00      0.00      0.00
05:08:51        all     99.50      0.00      0.50      0.00      0.00      0.00
05:08:52        all     89.00      0.00      0.00      0.00      0.00     11.00
05:08:53        all     99.50      0.00      0.00      0.00      0.00      0.50
05:08:54        all     66.17      0.00      0.50      0.00      0.00     33.33
05:08:55        all     66.50      0.00      0.00      0.00      0.00     33.50
05:08:56        all     53.27      0.00      0.00      0.50      0.00     46.23
05:08:57        all     53.50      0.00      0.00      0.00      0.00     46.50
05:08:58        all     85.43      0.00      0.00      0.00      0.00     14.57
05:08:59        all     83.00      0.00      0.00      0.00      0.00     17.00
05:09:00        all     50.25      0.00      0.00      0.00      0.00     49.75
05:09:01        all     53.47      0.00      0.50      0.00      0.00     46.04
05:09:02        all     50.50      0.00      0.00      0.00      0.00     49.50
05:09:03        all     52.24      0.00      0.50      0.00      0.00     47.26
05:09:04        all     95.48      0.00      1.01      0.00      0.00      3.52
05:09:05        all     84.08      0.00      0.00      0.00      0.00     15.92
05:09:06        all    100.00      0.00      0.00      0.00      0.00      0.00
05:09:07        all     99.50      0.00      0.50      0.00      0.00      0.00
05:09:08        all     92.46      0.00      0.00      0.00      0.00      7.54
05:09:09        all    100.00      0.00      0.00      0.00      0.00      0.00
05:09:10        all     96.00      0.00      0.50      0.00      0.00      3.50
05:09:11        all     97.49      0.00      0.00      0.00      0.00      2.51
05:09:12        all     98.51      0.00      0.99      0.00      0.00      0.50
05:09:13        all    100.00      0.00      0.00      0.00      0.00      0.00
05:09:14        all    100.00      0.00      0.00      0.00      0.00      0.00
05:09:15        all     99.50      0.00      0.50      0.00      0.00      0.00
05:09:16        all    100.00      0.00      0.00      0.00      0.00      0.00
05:09:17        all     79.10      0.00      0.50      0.00      0.00     20.40
05:09:18        all     95.50      0.00      0.00      0.00      0.00      4.50
05:09:19        all    100.00      0.00      0.00      0.00      0.00      0.00
05:09:20        all    100.00      0.00      0.00      0.00      0.00      0.00
05:09:21        all     95.02      0.00      0.50      0.00      0.00      4.48
05:09:22        all     83.92      0.00      0.00      0.00      0.00     16.08
05:09:23        all     99.00      0.00      0.50      0.00      0.00      0.50
05:09:24        all    100.00      0.00      0.00      0.00      0.00      0.00
05:09:25        all    100.00      0.00      0.00      0.00      0.00      0.00
05:09:26        all    100.00      0.00      0.00      0.00      0.00      0.00
05:09:27        all     99.50      0.00      0.00      0.00      0.00      0.50
05:09:28        all     65.00      0.00      0.00      0.00      0.00     35.00
05:09:29        all     55.28      0.00      0.00      0.00      0.00     44.72
05:09:30        all     64.50      0.00      0.50      0.00      0.00     35.00
05:09:31        all     99.50      0.00      0.00      0.00      0.00      0.50
05:09:32        all     57.00      0.00      0.50      0.00      0.00     42.50
05:09:33        all     50.25      0.00      0.00      0.00      0.00     49.75
05:09:34        all     50.00      0.00      0.00      0.00      0.00     50.00
05:09:35        all     69.15      0.00      0.00      0.00      0.00     30.85
05:09:36        all    100.00      0.00      0.00      0.00      0.00      0.00
05:09:37        all    100.00      0.00      0.00      0.00      0.00      0.00
05:09:38        all     99.00      0.00      0.00      0.00      0.00      1.00
05:09:39        all    100.00      0.00      0.00      0.00      0.00      0.00
05:09:40        all     99.50      0.00      0.50      0.00      0.00      0.00
05:09:41        all    100.00      0.00      0.00      0.00      0.00      0.00
05:09:42        all     99.50      0.00      0.50      0.00      0.00      0.00
05:09:43        all    100.00      0.00      0.00      0.00      0.00      0.00
05:09:44        all    100.00      0.00      0.00      0.00      0.00      0.00
05:09:45        all     91.96      0.00      0.00      0.00      0.00      8.04
05:09:46        all    100.00      0.00      0.00      0.00      0.00      0.00
05:09:47        all    100.00      0.00      0.00      0.00      0.00      0.00
05:09:48        all     99.50      0.00      0.50      0.00      0.00      0.00
05:09:49        all    100.00      0.00      0.00      0.00      0.00      0.00
05:09:50        all     97.49      0.00      0.00      0.00      0.00      2.51
05:09:51        all     86.57      0.00      1.00      0.00      0.00     12.44
05:09:52        all     75.25      0.00      0.00      0.00      0.00     24.75
05:09:53        all     99.50      0.00      0.00      0.00      0.00      0.50
05:09:54        all     78.00      0.00      0.00      0.00      0.00     22.00
05:09:55        all     90.45      0.00      0.00      0.00      0.00      9.55
05:09:56        all     96.00      0.00      1.50      0.00      0.00      2.50
05:09:57        all    100.00      0.00      0.00      0.00      0.00      0.00
05:09:58        all     93.50      0.00      0.50      0.00      0.00      6.00
05:09:59        all    100.00      0.00      0.00      0.00      0.00      0.00
05:10:00        all     94.92      0.00      3.05      0.00      0.00      2.03
05:10:01        all     97.99      0.00      1.51      0.00      0.00      0.50
05:10:02        all     98.51      0.00      1.00      0.00      0.00      0.50
05:10:03        all    100.00      0.00      0.00      0.00      0.00      0.00
05:10:04        all    100.00      0.00      0.00      0.00      0.00      0.00
05:10:05        all     99.50      0.00      0.50      0.00      0.00      0.00
05:10:06        all     99.50      0.00      0.50      0.00      0.00      0.00
05:10:07        all    100.00      0.00      0.00      0.00      0.00      0.00
05:10:08        all    100.00      0.00      0.00      0.00      0.00      0.00
05:10:09        all     99.00      0.00      0.50      0.00      0.00      0.50
05:10:10        all     96.50      0.00      3.50      0.00      0.00      0.00
05:10:11        all     98.49      0.00      1.01      0.00      0.00      0.50
05:10:12        all    100.00      0.00      0.00      0.00      0.00      0.00
05:10:13        all     99.50      0.00      0.50      0.00      0.00      0.00
05:10:14        all     99.50      0.00      0.50      0.00      0.00      0.00
05:10:15        all     99.50      0.00      0.00      0.00      0.00      0.50
05:10:16        all     98.48      0.00      0.51      0.00      0.00      1.01
05:10:17        all     98.50      0.00      1.00      0.00      0.00      0.50
05:10:18        all     94.53      0.00      3.48      0.00      0.00      1.99
05:10:19        all     99.50      0.00      0.00      0.00      0.00      0.50
05:10:20        all     97.49      0.00      0.00      0.00      0.00      2.51
05:10:21        all     95.45      0.00      0.51      0.00      0.00      4.04
05:10:22        all     99.00      0.00      0.50      0.00      0.00      0.50
05:10:23        all     99.49      0.00      0.00      0.00      0.00      0.51
05:10:24        all     99.00      0.00      0.50      0.00      0.00      0.50
05:10:25        all     98.51      0.00      1.00      0.00      0.00      0.50
05:10:26        all     99.00      0.00      0.50      0.00      0.00      0.50
05:10:27        all    100.00      0.00      0.00      0.00      0.00      0.00
05:10:28        all     99.50      0.00      0.50      0.00      0.00      0.00
05:10:29        all     99.00      0.00      0.50      0.00      0.00      0.50
05:10:30        all     98.00      0.00      1.00      0.00      0.00      1.00
05:10:31        all     97.01      0.00      1.99      0.00      0.00      1.00
05:10:32        all     99.50      0.00      0.50      0.00      0.00      0.00
05:10:33        all     99.00      0.00      0.50      0.00      0.00      0.50
05:10:34        all     98.49      0.00      1.51      0.00      0.00      0.00
05:10:35        all     97.52      0.00      1.49      0.00      0.00      0.99
05:10:36        all     98.99      0.00      1.01      0.00      0.00      0.00
05:10:37        all     97.00      0.00      3.00      0.00      0.00      0.00
05:10:38        all     97.99      0.00      1.01      0.00      0.00      1.01
05:10:39        all     99.00      0.00      1.00      0.00      0.00      0.00
05:10:40        all     88.06      0.00      0.50      0.00      0.00     11.44
05:10:41        all     99.50      0.00      0.50      0.00      0.00      0.00
05:10:42        all     96.50      0.00      3.00      0.00      0.00      0.50
05:10:43        all     98.50      0.00      0.50      0.00      0.00      1.00
05:10:44        all     99.50      0.00      0.50      0.00      0.00      0.00
05:10:45        all     96.02      0.00      3.48      0.00      0.00      0.50
05:10:46        all     98.00      0.00      0.50      0.00      0.00      1.50
05:10:47        all     97.00      0.00      3.00      0.00      0.00      0.00
05:10:48        all     99.50      0.00      0.50      0.00      0.00      0.00
05:10:49        all     85.00      0.00      0.00      0.00      0.00     15.00
05:10:50        all     99.50      0.00      0.50      0.00      0.00      0.00
05:10:51        all     97.99      0.00      1.01      0.00      0.00      1.01
05:10:52        all     98.51      0.00      1.00      0.00      0.00      0.50
05:10:53        all     98.01      0.00      1.49      0.00      0.00      0.50
05:10:54        all     96.46      0.00      2.53      0.00      0.00      1.01
05:10:55        all     99.00      0.00      1.00      0.00      0.00      0.00
05:10:56        all     97.99      0.00      1.01      0.00      0.00      1.01
05:10:57        all     99.00      0.00      0.50      0.00      0.00      0.50
05:10:58        all     95.98      0.00      2.51      0.00      0.00      1.51
05:10:59        all     88.00      0.00      2.00      0.00      0.00     10.00
05:11:00        all     99.00      0.00      0.00      0.00      0.00      1.00
05:11:01        all     97.50      0.00      0.00      0.00      0.00      2.50
05:11:02        all     74.00      0.00      3.00      0.00      0.00     23.00
05:11:03        all      0.00      0.00      0.00      0.00      0.00    100.00
05:11:04        all      0.00      0.00      0.00      0.00      0.00    100.00
05:11:05        all      0.00      0.00      0.00      0.00      0.00    100.00
