Linux 4.13.0-19-generic (instance-2) 	12/20/17 	_x86_64_	(2 CPU)

06:58:19        CPU     %user     %nice   %system   %iowait    %steal     %idle
06:58:20        all      0.00      0.00      0.00      0.00      0.00    100.00
06:58:21        all     18.50      0.00      2.50      0.00      0.00     79.00
06:58:22        all     81.00      0.00      2.00      6.00      0.00     11.00
06:58:23        all      4.52      0.00      0.50     21.11      0.00     73.87
06:58:24        all      7.50      0.00      1.00     23.50      0.00     68.00
06:58:25        all     14.78      0.00      1.48     39.41      0.00     44.33
06:58:26        all     70.00      0.00      2.50     21.00      0.00      6.50
06:58:27        all     42.00      0.00      1.50     25.00      0.00     31.50
06:58:28        all     83.76      0.00      3.55      8.12      0.00      4.57
06:58:29        all     89.95      0.00      5.03      2.51      0.00      2.51
06:58:30        all     89.05      0.00      2.99      3.48      0.00      4.48
06:58:31        all     97.49      0.00      1.51      0.00      0.00      1.01
06:58:32        all     95.50      0.00      3.00      0.50      0.00      1.00
06:58:33        all     98.99      0.00      0.50      0.00      0.00      0.50
06:58:34        all     95.05      0.00      1.49      0.00      0.00      3.47
06:58:35        all     96.46      0.00      0.00      0.00      0.00      3.54
06:58:36        all     77.11      0.00      1.99      1.49      0.00     19.40
06:58:37        all     99.00      0.00      1.00      0.00      0.00      0.00
06:58:38        all     72.36      0.00      2.51      0.00      0.00     25.13
06:58:39        all     99.50      0.00      0.50      0.00      0.00      0.00
06:58:40        all     69.85      0.00      2.01      0.00      0.00     28.14
06:58:41        all     76.62      0.00      0.50      0.00      0.00     22.89
06:58:42        all     56.78      0.00      0.00      0.00      0.00     43.22
06:58:43        all     65.50      0.00      0.50      2.00      0.00     32.00
06:58:44        all     77.00      0.00      0.50      0.00      0.00     22.50
06:58:45        all     72.50      0.00      0.00      0.00      0.00     27.50
06:58:46        all     59.30      0.00      0.00      0.00      0.00     40.70
06:58:47        all     55.22      0.00      0.50      0.00      0.00     44.28
06:58:48        all     55.33      0.00      0.00      0.00      0.00     44.67
06:58:49        all     69.65      0.00      1.00      9.45      0.00     19.90
06:58:50        all     74.50      0.00      0.50     15.50      0.00      9.50
06:58:51        all     98.99      0.00      0.51      0.00      0.00      0.51
06:58:52        all     94.97      0.00      0.50      0.00      0.00      4.52
06:58:53        all     94.00      0.00      0.00      0.00      0.00      6.00
06:58:54        all     50.25      0.00      0.00      0.00      0.00     49.75
06:58:55        all     68.50      0.00      0.50      0.00      0.00     31.00
06:58:56        all     64.82      0.00      0.00      0.00      0.00     35.18
06:58:57        all     66.00      0.00      0.00      0.00      0.00     34.00
06:58:58        all     66.83      0.00      0.00      0.00      0.00     33.17
06:58:59        all     70.00      0.00      0.00      0.00      0.00     30.00
06:59:00        all     60.70      0.00      0.50      0.00      0.00     38.81
06:59:01        all     81.41      0.00      0.00      0.00      0.00     18.59
06:59:02        all     86.07      0.00      0.00      0.00      0.00     13.93
06:59:03        all     90.00      0.00      0.50      0.00      0.00      9.50
06:59:04        all     99.50      0.00      0.00      0.00      0.00      0.50
06:59:05        all     86.07      0.00      1.00      0.00      0.00     12.94
06:59:06        all     66.83      0.00      0.00      0.00      0.00     33.17
06:59:07        all     91.54      0.00      0.50      0.00      0.00      7.96
06:59:08        all     85.50      0.00      0.00      0.00      0.00     14.50
06:59:09        all     98.51      0.00      0.00      0.00      0.00      1.49
06:59:10        all     98.99      0.00      0.50      0.00      0.00      0.50
06:59:11        all     83.00      0.00      0.00      0.00      0.00     17.00
06:59:12        all     86.50      0.00      0.00      0.00      0.00     13.50
06:59:13        all     98.00      0.00      0.00      0.00      0.00      2.00
06:59:14        all    100.00      0.00      0.00      0.00      0.00      0.00
06:59:15        all     87.50      0.00      0.00      0.00      0.00     12.50
06:59:16        all     94.47      0.00      0.50      0.00      0.00      5.03
06:59:17        all     99.00      0.00      0.50      0.00      0.00      0.50
06:59:18        all     99.50      0.00      0.50      0.00      0.00      0.00
06:59:19        all     99.50      0.00      0.50      0.00      0.00      0.00
06:59:20        all     92.96      0.00      0.00      0.00      0.00      7.04
06:59:21        all     88.50      0.00      1.00      0.00      0.00     10.50
06:59:22        all    100.00      0.00      0.00      0.00      0.00      0.00
06:59:23        all     75.88      0.00      0.00      0.00      0.00     24.12
06:59:24        all     99.50      0.00      0.50      0.00      0.00      0.00
06:59:25        all     99.50      0.00      0.50      0.00      0.00      0.00
06:59:26        all     61.00      0.00      3.00     18.00      0.00     18.00
06:59:27        all     98.49      0.00      1.01      0.00      0.00      0.50
06:59:28        all     91.04      0.00      0.50      0.00      0.00      8.46
06:59:29        all     95.98      0.00      0.50      0.00      0.00      3.52
06:59:30        all     22.00      0.00      2.50      0.50      0.00     75.00
06:59:31        all      0.00      0.00      0.00      0.00      0.00    100.00
06:59:32        all      0.00      0.00      0.00      0.00      0.00    100.00
06:59:33        all      0.00      0.00      0.00      0.00      0.00    100.00
06:59:34        all      0.00      0.00      0.00      0.00      0.00    100.00
06:59:35        all      0.00      0.00      0.00      0.50      0.00     99.50
06:59:36        all      0.00      0.00      0.00      0.00      0.00    100.00
06:59:37        all      0.00      0.00      0.00      0.00      0.00    100.00
06:59:38        all     35.82      0.00      2.49      7.96      0.00     53.73
06:59:39        all     35.86      0.00      1.01     29.80      0.00     33.33
06:59:40        all     57.79      0.00      3.02     19.60      0.00     19.60
06:59:41        all     84.00      0.00      3.00     11.50      0.00      1.50
06:59:42        all     69.15      0.00      2.99      9.95      0.00     17.91
06:59:43        all     89.00      0.00      2.00      9.00      0.00      0.00
06:59:44        all     84.65      0.00      3.47     10.40      0.00      1.49
06:59:45        all     97.50      0.00      1.50      0.00      0.00      1.00
06:59:46        all     98.50      0.00      1.00      0.00      0.00      0.50
06:59:47        all     93.50      0.00      2.50      0.00      0.00      4.00
06:59:48        all     79.80      0.00      1.52      2.53      0.00     16.16
06:59:49        all     83.42      0.00      2.01      2.01      0.00     12.56
06:59:50        all     97.99      0.00      2.01      0.00      0.00      0.00
06:59:51        all     87.94      0.00      1.51      0.00      0.00     10.55
06:59:52        all     84.42      0.00      0.00      0.00      0.00     15.58
06:59:53        all     95.02      0.00      1.49      0.00      0.00      3.48
06:59:54        all     87.50      0.00      1.00      0.00      0.00     11.50
06:59:55        all     74.50      0.00      1.50      0.00      0.00     24.00
06:59:56        all     94.47      0.00      0.50      0.00      0.00      5.03
06:59:57        all     98.50      0.00      1.50      0.00      0.00      0.00
06:59:58        all     87.56      0.00      1.00      0.00      0.00     11.44
06:59:59        all     50.50      0.00      3.00      1.00      0.00     45.50
07:00:00        all     51.50      0.00      0.50      0.00      0.00     48.00
07:00:01        all     52.00      0.00      1.00      0.00      0.00     47.00
07:00:02        all     54.50      0.00      0.00      0.00      0.00     45.50
07:00:03        all     53.00      0.00      0.50      0.00      0.00     46.50
07:00:04        all     68.00      0.00      0.00      0.00      0.00     32.00
07:00:05        all     88.44      0.00      0.00      0.00      0.00     11.56
07:00:06        all     54.73      0.00      0.00      0.00      0.00     45.27
07:00:07        all     55.72      0.00      0.00      0.00      0.00     44.28
07:00:08        all     52.50      0.00      0.50      0.00      0.00     47.00
07:00:09        all     53.00      0.00      0.00      0.00      0.00     47.00
07:00:10        all     91.58      0.00      1.49      0.00      0.00      6.93
07:00:11        all     98.50      0.00      0.50      0.00      0.00      1.00
07:00:12        all     73.00      0.00      0.50      0.00      0.00     26.50
07:00:13        all     80.50      0.00      0.50      0.00      0.00     19.00
07:00:14        all     88.00      0.00      0.00      0.00      0.00     12.00
07:00:15        all     89.05      0.00      0.50      0.00      0.00     10.45
07:00:16        all     99.50      0.00      0.00      0.00      0.00      0.50
07:00:17        all     89.50      0.00      1.00      0.00      0.00      9.50
07:00:18        all    100.00      0.00      0.00      0.00      0.00      0.00
07:00:19        all     99.50      0.00      0.50      0.00      0.00      0.00
07:00:20        all     78.39      0.00      0.50      0.00      0.00     21.11
07:00:21        all     95.00      0.00      0.50      0.00      0.00      4.50
07:00:22        all    100.00      0.00      0.00      0.00      0.00      0.00
07:00:23        all     92.04      0.00      0.50      0.00      0.00      7.46
07:00:24        all    100.00      0.00      0.00      0.00      0.00      0.00
07:00:25        all     95.00      0.00      0.00      0.00      0.00      5.00
07:00:26        all     90.00      0.00      0.50      0.00      0.00      9.50
07:00:27        all    100.00      0.00      0.00      0.00      0.00      0.00
07:00:28        all     96.50      0.00      0.00      0.00      0.00      3.50
07:00:29        all     97.00      0.00      0.50      0.00      0.00      2.50
07:00:30        all    100.00      0.00      0.00      0.00      0.00      0.00
07:00:31        all     99.50      0.00      0.50      0.00      0.00      0.00
07:00:32        all     94.47      0.00      0.50      0.00      0.00      5.03
07:00:33        all    100.00      0.00      0.00      0.00      0.00      0.00
07:00:34        all     99.50      0.00      0.00      0.00      0.00      0.50
07:00:35        all     88.44      0.00      0.00      0.00      0.00     11.56
07:00:36        all    100.00      0.00      0.00      0.00      0.00      0.00
07:00:37        all     98.99      0.00      1.01      0.00      0.00      0.00
07:00:38        all     99.50      0.00      0.50      0.00      0.00      0.00
07:00:39        all     98.00      0.00      0.00      0.00      0.00      2.00
07:00:40        all     99.50      0.00      0.50      0.00      0.00      0.00
07:00:41        all     99.50      0.00      0.00      0.00      0.00      0.50
07:00:42        all     74.37      0.00      0.00      0.00      0.00     25.63
07:00:43        all     94.03      0.00      0.00      0.00      0.00      5.97
07:00:44        all    100.00      0.00      0.00      0.00      0.00      0.00
07:00:45        all     94.00      0.00      0.50      0.00      0.00      5.50
07:00:46        all     98.00      0.00      0.00      0.00      0.00      2.00
07:00:47        all     99.50      0.00      0.50      0.00      0.00      0.00
07:00:48        all    100.00      0.00      0.00      0.00      0.00      0.00
07:00:49        all     98.00      0.00      2.00      0.00      0.00      0.00
07:00:50        all     99.00      0.00      0.50      0.00      0.00      0.50
07:00:51        all     99.50      0.00      0.50      0.00      0.00      0.00
07:00:52        all     99.50      0.00      0.50      0.00      0.00      0.00
07:00:53        all     99.50      0.00      0.50      0.00      0.00      0.00
07:00:54        all     99.50      0.00      0.00      0.00      0.00      0.50
07:00:55        all     99.50      0.00      0.50      0.00      0.00      0.00
07:00:56        all     99.50      0.00      0.50      0.00      0.00      0.00
07:00:57        all     97.50      0.00      2.00      0.00      0.00      0.50
07:00:58        all     98.00      0.00      2.00      0.00      0.00      0.00
07:00:59        all     96.52      0.00      0.00      0.00      0.00      3.48
07:01:00        all     97.50      0.00      0.50      0.00      0.00      2.00
07:01:01        all     99.00      0.00      0.50      0.00      0.00      0.50
07:01:02        all    100.00      0.00      0.00      0.00      0.00      0.00
07:01:03        all    100.00      0.00      0.00      0.00      0.00      0.00
07:01:04        all     99.50      0.00      0.50      0.00      0.00      0.00
07:01:05        all     99.50      0.00      0.50      0.00      0.00      0.00
07:01:06        all     99.50      0.00      0.50      0.00      0.00      0.00
07:01:07        all    100.00      0.00      0.00      0.00      0.00      0.00
07:01:08        all     99.50      0.00      0.00      0.00      0.00      0.50
07:01:09        all    100.00      0.00      0.00      0.00      0.00      0.00
07:01:10        all     99.50      0.00      0.50      0.00      0.00      0.00
07:01:11        all     94.53      0.00      0.50      0.00      0.00      4.98
07:01:12        all     94.47      0.00      1.01      0.00      0.00      4.52
07:01:13        all     48.00      0.00      2.50      0.00      0.00     49.50
07:01:14        all      0.00      0.00      0.00      0.00      0.00    100.00
07:01:15        all      0.00      0.00      0.00      0.00      0.00    100.00
07:01:16        all      0.00      0.00      0.00      0.00      0.00    100.00
07:01:17        all      0.00      0.00      0.00      0.00      0.00    100.00
07:01:18        all      0.00      0.00      0.00      0.00      0.00    100.00
07:01:19        all      0.00      0.00      0.50      0.00      0.00     99.50
07:01:20        all      0.00      0.00      0.00      0.00      0.00    100.00
07:01:21        all     17.00      0.00      3.00      4.00      0.00     76.00
07:01:22        all     74.63      0.00      2.99     10.45      0.00     11.94
07:01:23        all     94.53      0.00      3.98      0.00      0.00      1.49
07:01:24        all     94.50      0.00      4.50      0.00      0.00      1.00
07:01:25        all     95.98      0.00      3.02      0.00      0.00      1.01
07:01:26        all     95.52      0.00      1.99      0.00      0.00      2.49
07:01:27        all     97.49      0.00      1.51      0.00      0.00      1.01
07:01:28        all     98.00      0.00      1.50      0.00      0.00      0.50
07:01:29        all     97.49      0.00      2.01      0.00      0.00      0.50
07:01:30        all     99.00      0.00      0.50      0.00      0.00      0.50
07:01:31        all     88.06      0.00      0.00      0.00      0.00     11.94
07:01:32        all     96.00      0.00      3.50      0.00      0.00      0.50
07:01:33        all     97.98      0.00      0.51      0.00      0.00      1.52
07:01:34        all     90.55      0.00      1.49      0.00      0.00      7.96
07:01:35        all     20.10      0.00      1.51      0.00      0.00     78.39
07:01:36        all      0.00      0.00      0.00      0.00      0.00    100.00
07:01:37        all      0.00      0.00      0.00      0.00      0.00    100.00
07:01:38        all      0.00      0.00      0.00      0.00      0.00    100.00
07:01:39        all      0.00      0.00      0.00      0.00      0.00    100.00
07:01:40        all      0.00      0.00      0.00      0.00      0.00    100.00
07:01:41        all      0.00      0.00      0.00      0.00      0.00    100.00
07:01:42        all      0.00      0.00      0.00      0.00      0.00    100.00
07:01:43        all      0.00      0.00      0.00      0.00      0.00    100.00
07:01:44        all      0.00      0.00      0.00      0.00      0.00    100.00
07:01:45        all      0.00      0.00      0.00      0.50      0.00     99.50
07:01:46        all      0.00      0.00      0.00      0.00      0.00    100.00
07:01:47        all      0.00      0.00      0.00      0.00      0.00    100.00
07:01:48        all      0.00      0.00      0.00      0.00      0.00    100.00
