Linux 4.13.0-17-generic (instance-2) 	12/17/17 	_x86_64_	(1 CPU)

17:58:31        CPU     %user     %nice   %system   %iowait    %steal     %idle
17:58:32        all      0.00      0.00      0.00      0.00      0.00    100.00
17:58:33        all      0.00      0.00      0.00      0.00      0.00    100.00
17:58:34        all      2.00      0.00      0.00      8.00      0.00     90.00
17:58:35        all      0.00      0.00      0.00      0.00      0.00    100.00
17:58:36        all      0.00      0.00      0.00      0.00      0.00    100.00
17:58:37        all     28.57      0.00      3.06     11.22      0.00     57.14
17:58:38        all     79.00      0.00      2.00     19.00      0.00      0.00
17:58:39        all     38.38      0.00      2.02     59.60      0.00      0.00
17:58:40        all     95.00      0.00      5.00      0.00      0.00      0.00
17:58:41        all    100.00      0.00      0.00      0.00      0.00      0.00
17:58:42        all     98.00      0.00      2.00      0.00      0.00      0.00
17:58:43        all     94.06      0.00      5.94      0.00      0.00      0.00
17:58:44        all     98.99      0.00      1.01      0.00      0.00      0.00
17:58:45        all     99.01      0.00      0.99      0.00      0.00      0.00
17:58:46        all    100.00      0.00      0.00      0.00      0.00      0.00
17:58:47        all     99.00      0.00      1.00      0.00      0.00      0.00
17:58:48        all     99.00      0.00      1.00      0.00      0.00      0.00
17:58:49        all     98.02      0.00      1.98      0.00      0.00      0.00
17:58:50        all    100.00      0.00      0.00      0.00      0.00      0.00
17:58:51        all    100.00      0.00      0.00      0.00      0.00      0.00
17:58:52        all     99.01      0.00      0.99      0.00      0.00      0.00
17:58:53        all     99.00      0.00      1.00      0.00      0.00      0.00
17:58:54        all    100.00      0.00      0.00      0.00      0.00      0.00
17:58:55        all    100.00      0.00      0.00      0.00      0.00      0.00
17:58:56        all     99.01      0.00      0.99      0.00      0.00      0.00
17:58:57        all    100.00      0.00      0.00      0.00      0.00      0.00
17:58:58        all     99.01      0.00      0.99      0.00      0.00      0.00
17:58:59        all    100.00      0.00      0.00      0.00      0.00      0.00
17:59:00        all     99.01      0.00      0.99      0.00      0.00      0.00
17:59:01        all     99.00      0.00      1.00      0.00      0.00      0.00
17:59:02        all    100.00      0.00      0.00      0.00      0.00      0.00
17:59:03        all    100.00      0.00      0.00      0.00      0.00      0.00
17:59:04        all     99.01      0.00      0.99      0.00      0.00      0.00
17:59:05        all     98.99      0.00      1.01      0.00      0.00      0.00
17:59:06        all     99.01      0.00      0.99      0.00      0.00      0.00
17:59:07        all     99.00      0.00      1.00      0.00      0.00      0.00
17:59:08        all    100.00      0.00      0.00      0.00      0.00      0.00
17:59:09        all     99.01      0.00      0.99      0.00      0.00      0.00
17:59:10        all     98.00      0.00      2.00      0.00      0.00      0.00
17:59:11        all    100.00      0.00      0.00      0.00      0.00      0.00
17:59:12        all    100.00      0.00      0.00      0.00      0.00      0.00
17:59:13        all    100.00      0.00      0.00      0.00      0.00      0.00
17:59:14        all    100.00      0.00      0.00      0.00      0.00      0.00
17:59:15        all    100.00      0.00      0.00      0.00      0.00      0.00
17:59:16        all     99.00      0.00      1.00      0.00      0.00      0.00
17:59:17        all    100.00      0.00      0.00      0.00      0.00      0.00
17:59:18        all    100.00      0.00      0.00      0.00      0.00      0.00
17:59:19        all    100.00      0.00      0.00      0.00      0.00      0.00
17:59:20        all    100.00      0.00      0.00      0.00      0.00      0.00
17:59:21        all    100.00      0.00      0.00      0.00      0.00      0.00
17:59:22        all    100.00      0.00      0.00      0.00      0.00      0.00
17:59:23        all    100.00      0.00      0.00      0.00      0.00      0.00
17:59:24        all    100.00      0.00      0.00      0.00      0.00      0.00
17:59:25        all    100.00      0.00      0.00      0.00      0.00      0.00
17:59:26        all    100.00      0.00      0.00      0.00      0.00      0.00
17:59:27        all     98.02      0.00      1.98      0.00      0.00      0.00
17:59:28        all    100.00      0.00      0.00      0.00      0.00      0.00
17:59:29        all     99.01      0.00      0.99      0.00      0.00      0.00
17:59:30        all    100.00      0.00      0.00      0.00      0.00      0.00
17:59:31        all     99.00      0.00      1.00      0.00      0.00      0.00
17:59:32        all    100.00      0.00      0.00      0.00      0.00      0.00
17:59:33        all     99.00      0.00      1.00      0.00      0.00      0.00
17:59:34        all     99.00      0.00      1.00      0.00      0.00      0.00
17:59:35        all    100.00      0.00      0.00      0.00      0.00      0.00
17:59:36        all    100.00      0.00      0.00      0.00      0.00      0.00
17:59:37        all    100.00      0.00      0.00      0.00      0.00      0.00
17:59:38        all     99.01      0.00      0.99      0.00      0.00      0.00
17:59:39        all    100.00      0.00      0.00      0.00      0.00      0.00
17:59:40        all    100.00      0.00      0.00      0.00      0.00      0.00
17:59:41        all     99.00      0.00      1.00      0.00      0.00      0.00
17:59:42        all     99.00      0.00      1.00      0.00      0.00      0.00
17:59:43        all    100.00      0.00      0.00      0.00      0.00      0.00
17:59:44        all     99.01      0.00      0.99      0.00      0.00      0.00
17:59:45        all    100.00      0.00      0.00      0.00      0.00      0.00
17:59:46        all     99.00      0.00      1.00      0.00      0.00      0.00
17:59:47        all    100.00      0.00      0.00      0.00      0.00      0.00
17:59:48        all     99.01      0.00      0.99      0.00      0.00      0.00
17:59:49        all    100.00      0.00      0.00      0.00      0.00      0.00
17:59:50        all    100.00      0.00      0.00      0.00      0.00      0.00
17:59:51        all    100.00      0.00      0.00      0.00      0.00      0.00
17:59:52        all    100.00      0.00      0.00      0.00      0.00      0.00
17:59:53        all    100.00      0.00      0.00      0.00      0.00      0.00
17:59:54        all    100.00      0.00      0.00      0.00      0.00      0.00
17:59:55        all     99.01      0.00      0.99      0.00      0.00      0.00
17:59:56        all    100.00      0.00      0.00      0.00      0.00      0.00
17:59:57        all    100.00      0.00      0.00      0.00      0.00      0.00
17:59:58        all     83.84      0.00      2.02      4.04      0.00     10.10
17:59:59        all      0.00      0.00      0.00      0.00      0.00    100.00
18:00:00        all      0.00      0.00      0.00      0.00      0.00    100.00
18:00:01        all      0.00      0.00      1.00      0.00      0.00     99.00
18:00:02        all      0.00      0.00      0.00      1.00      0.00     99.00
18:00:03        all      0.00      0.00      0.00      0.00      0.00    100.00
18:00:04        all      0.00      0.00      0.00      0.00      0.00    100.00
18:00:05        all      0.00      0.00      0.00      0.00      0.00    100.00
18:00:06        all      8.00      0.00      1.00      0.00      0.00     91.00
18:00:07        all     51.00      0.00      3.00     46.00      0.00      0.00
18:00:08        all     97.98      0.00      2.02      0.00      0.00      0.00
18:00:09        all     82.83      0.00      3.03     14.14      0.00      0.00
18:00:10        all     95.00      0.00      5.00      0.00      0.00      0.00
18:00:11        all     99.00      0.00      1.00      0.00      0.00      0.00
18:00:12        all     99.00      0.00      1.00      0.00      0.00      0.00
18:00:13        all     98.02      0.00      1.98      0.00      0.00      0.00
18:00:14        all     98.99      0.00      1.01      0.00      0.00      0.00
18:00:15        all     98.00      0.00      2.00      0.00      0.00      0.00
18:00:16        all     97.03      0.00      2.97      0.00      0.00      0.00
18:00:17        all     95.96      0.00      4.04      0.00      0.00      0.00
18:00:18        all     99.00      0.00      1.00      0.00      0.00      0.00
18:00:19        all    100.00      0.00      0.00      0.00      0.00      0.00
18:00:20        all    100.00      0.00      0.00      0.00      0.00      0.00
18:00:21        all     99.01      0.00      0.99      0.00      0.00      0.00
18:00:22        all    100.00      0.00      0.00      0.00      0.00      0.00
18:00:23        all    100.00      0.00      0.00      0.00      0.00      0.00
18:00:24        all    100.00      0.00      0.00      0.00      0.00      0.00
18:00:25        all    100.00      0.00      0.00      0.00      0.00      0.00
18:00:26        all     99.00      0.00      1.00      0.00      0.00      0.00
18:00:27        all    100.00      0.00      0.00      0.00      0.00      0.00
18:00:28        all     99.01      0.00      0.99      0.00      0.00      0.00
18:00:29        all    100.00      0.00      0.00      0.00      0.00      0.00
18:00:30        all    100.00      0.00      0.00      0.00      0.00      0.00
18:00:31        all    100.00      0.00      0.00      0.00      0.00      0.00
18:00:32        all     98.99      0.00      1.01      0.00      0.00      0.00
18:00:33        all    100.00      0.00      0.00      0.00      0.00      0.00
18:00:34        all    100.00      0.00      0.00      0.00      0.00      0.00
18:00:35        all     99.01      0.00      0.99      0.00      0.00      0.00
18:00:36        all    100.00      0.00      0.00      0.00      0.00      0.00
18:00:37        all     96.97      0.00      3.03      0.00      0.00      0.00
18:00:38        all    100.00      0.00      0.00      0.00      0.00      0.00
18:00:39        all     99.01      0.00      0.99      0.00      0.00      0.00
18:00:40        all    100.00      0.00      0.00      0.00      0.00      0.00
18:00:41        all    100.00      0.00      0.00      0.00      0.00      0.00
18:00:42        all    100.00      0.00      0.00      0.00      0.00      0.00
18:00:43        all    100.00      0.00      0.00      0.00      0.00      0.00
18:00:44        all     99.00      0.00      1.00      0.00      0.00      0.00
18:00:45        all    100.00      0.00      0.00      0.00      0.00      0.00
18:00:46        all     99.01      0.00      0.99      0.00      0.00      0.00
18:00:47        all    100.00      0.00      0.00      0.00      0.00      0.00
18:00:48        all    100.00      0.00      0.00      0.00      0.00      0.00
18:00:49        all    100.00      0.00      0.00      0.00      0.00      0.00
18:00:50        all    100.00      0.00      0.00      0.00      0.00      0.00
18:00:51        all    100.00      0.00      0.00      0.00      0.00      0.00
18:00:52        all    100.00      0.00      0.00      0.00      0.00      0.00
18:00:53        all    100.00      0.00      0.00      0.00      0.00      0.00
18:00:54        all    100.00      0.00      0.00      0.00      0.00      0.00
18:00:55        all    100.00      0.00      0.00      0.00      0.00      0.00
18:00:56        all    100.00      0.00      0.00      0.00      0.00      0.00
18:00:57        all    100.00      0.00      0.00      0.00      0.00      0.00
18:00:58        all    100.00      0.00      0.00      0.00      0.00      0.00
18:00:59        all    100.00      0.00      0.00      0.00      0.00      0.00
18:01:00        all    100.00      0.00      0.00      0.00      0.00      0.00
18:01:01        all    100.00      0.00      0.00      0.00      0.00      0.00
18:01:02        all    100.00      0.00      0.00      0.00      0.00      0.00
18:01:03        all    100.00      0.00      0.00      0.00      0.00      0.00
18:01:04        all    100.00      0.00      0.00      0.00      0.00      0.00
18:01:05        all     98.00      0.00      2.00      0.00      0.00      0.00
18:01:06        all    100.00      0.00      0.00      0.00      0.00      0.00
18:01:07        all     99.00      0.00      1.00      0.00      0.00      0.00
18:01:08        all     99.01      0.00      0.99      0.00      0.00      0.00
18:01:09        all     98.99      0.00      1.01      0.00      0.00      0.00
18:01:10        all    100.00      0.00      0.00      0.00      0.00      0.00
18:01:11        all     99.00      0.00      1.00      0.00      0.00      0.00
18:01:12        all    100.00      0.00      0.00      0.00      0.00      0.00
18:01:13        all    100.00      0.00      0.00      0.00      0.00      0.00
18:01:14        all    100.00      0.00      0.00      0.00      0.00      0.00
18:01:15        all     98.02      0.00      1.98      0.00      0.00      0.00
18:01:16        all    100.00      0.00      0.00      0.00      0.00      0.00
18:01:17        all     99.00      0.00      1.00      0.00      0.00      0.00
18:01:18        all     97.03      0.00      2.97      0.00      0.00      0.00
18:01:19        all    100.00      0.00      0.00      0.00      0.00      0.00
18:01:20        all    100.00      0.00      0.00      0.00      0.00      0.00
18:01:21        all    100.00      0.00      0.00      0.00      0.00      0.00
18:01:22        all     99.01      0.00      0.99      0.00      0.00      0.00
18:01:23        all     99.00      0.00      1.00      0.00      0.00      0.00
18:01:24        all    100.00      0.00      0.00      0.00      0.00      0.00
18:01:25        all    100.00      0.00      0.00      0.00      0.00      0.00
18:01:26        all    100.00      0.00      0.00      0.00      0.00      0.00
18:01:27        all    100.00      0.00      0.00      0.00      0.00      0.00
18:01:28        all     98.00      0.00      2.00      0.00      0.00      0.00
18:01:29        all    100.00      0.00      0.00      0.00      0.00      0.00
18:01:30        all    100.00      0.00      0.00      0.00      0.00      0.00
18:01:31        all    100.00      0.00      0.00      0.00      0.00      0.00
18:01:32        all    100.00      0.00      0.00      0.00      0.00      0.00
18:01:33        all     97.00      0.00      3.00      0.00      0.00      0.00
18:01:34        all     98.00      0.00      2.00      0.00      0.00      0.00
18:01:35        all     99.01      0.00      0.99      0.00      0.00      0.00
18:01:36        all     98.00      0.00      2.00      0.00      0.00      0.00
18:01:37        all    100.00      0.00      0.00      0.00      0.00      0.00
18:01:38        all     99.00      0.00      1.00      0.00      0.00      0.00
18:01:39        all     99.01      0.00      0.99      0.00      0.00      0.00
18:01:40        all    100.00      0.00      0.00      0.00      0.00      0.00
18:01:41        all     99.01      0.00      0.99      0.00      0.00      0.00
18:01:42        all    100.00      0.00      0.00      0.00      0.00      0.00
18:01:43        all     89.00      0.00      1.00      0.00      0.00     10.00
18:01:44        all     98.00      0.00      0.00      2.00      0.00      0.00
18:01:45        all     18.18      0.00      2.02      0.00      0.00     79.80
18:01:46        all      0.00      0.00      0.00      0.00      0.00    100.00
18:01:47        all      0.00      0.00      0.00      0.99      0.00     99.01
18:01:48        all      0.00      0.00      0.00      0.00      0.00    100.00
